      0/99      6.5G   0.08285   0.08221   0.07926    0.2443       148       640   0.06388   0.01608   0.02155  0.008124   0.06948   0.07122   0.06902
      1/99     9.28G   0.06654   0.08147   0.06281    0.2108       150       640    0.2121    0.1228    0.0982   0.04572   0.06021   0.06774   0.05124
      2/99     9.28G   0.06214   0.07908   0.05199    0.1932       152       640    0.2699    0.2238    0.1749    0.0879   0.05575   0.06554   0.04166
      3/99     9.28G   0.05892   0.07771   0.04552    0.1821       185       640    0.2696    0.3078    0.2378    0.1264   0.05278   0.06382   0.03594
      4/99     9.28G   0.05677   0.07641   0.04162    0.1748       183       640    0.2758    0.3606     0.282    0.1542   0.05104   0.06277   0.03269
      5/99     9.28G   0.05543   0.07569   0.03899    0.1701       180       640    0.2781    0.3938    0.3106    0.1729   0.04985   0.06204   0.03065
      6/99     9.28G    0.0544   0.07472    0.0373    0.1664       238       640    0.2921    0.4158    0.3305    0.1858   0.04908   0.06152   0.02936
      7/99     9.28G   0.05367   0.07437   0.03586    0.1639       252       640    0.3018    0.4284    0.3432    0.1951   0.04858   0.06112   0.02851
      8/99     9.28G   0.05314   0.07396   0.03477    0.1619       235       640    0.3102    0.4328    0.3517    0.2015   0.04823   0.06084    0.0279
      9/99     9.28G   0.05263   0.07363    0.0339    0.1602       162       640    0.3229    0.4345    0.3579     0.206   0.04796   0.06064   0.02746
     10/99     9.28G   0.05219   0.07338   0.03312    0.1587       202       640    0.3347     0.435    0.3642    0.2106   0.04773   0.06048    0.0271
     11/99     9.28G   0.05176   0.07284   0.03253    0.1571       261       640    0.3464    0.4336     0.369    0.2146   0.04752   0.06039   0.02677
     12/99     9.28G   0.05152   0.07276   0.03195    0.1562       178       640    0.3598    0.4305    0.3738    0.2182   0.04733   0.06035   0.02648
     13/99     9.28G   0.05115   0.07259   0.03147    0.1552       126       640     0.374    0.4282    0.3782    0.2217   0.04715   0.06035    0.0262
     14/99     9.28G   0.05102   0.07257     0.031    0.1546       211       640    0.3846    0.4257    0.3828    0.2253   0.04697    0.0604   0.02591
     15/99     9.28G   0.05069   0.07199   0.03073    0.1534       185       640    0.3976    0.4247    0.3879    0.2291    0.0468   0.06044   0.02562
     16/99     9.28G   0.05049   0.07191   0.03031    0.1527       216       640    0.4085    0.4247     0.393    0.2331   0.04662   0.06045   0.02531
     17/99     9.28G   0.05038   0.07172   0.02999    0.1521       159       640    0.4194    0.4274    0.3986    0.2372   0.04643   0.06045     0.025
     18/99     9.28G   0.05011   0.07168   0.02973    0.1515       262       640    0.4271    0.4303    0.4036     0.241   0.04623    0.0604   0.02469
     19/99     9.28G   0.04992   0.07131   0.02951    0.1507       231       640    0.4355    0.4339    0.4087    0.2448   0.04603    0.0603   0.02438
     20/99     9.28G   0.04981   0.07157   0.02924    0.1506       193       640    0.4417     0.439    0.4141     0.249   0.04583   0.06017   0.02406
     21/99     9.28G    0.0496   0.07093   0.02899    0.1495       195       640    0.4456    0.4428    0.4192    0.2531   0.04563   0.06002   0.02374
     22/99     9.28G   0.04953   0.07123    0.0287    0.1495       210       640    0.4477    0.4471    0.4245    0.2574   0.04543   0.05987   0.02343
     23/99     9.28G   0.04934   0.07101    0.0285    0.1488       152       640    0.4502    0.4541    0.4295    0.2613   0.04525   0.05967   0.02311
     24/99     9.28G   0.04919   0.07091   0.02831    0.1484       183       640    0.4497    0.4608    0.4346    0.2652   0.04507   0.05944    0.0228
     25/99     9.28G   0.04902   0.07059   0.02818    0.1478       188       640    0.4457    0.4653    0.4397     0.269   0.04489   0.05923   0.02252
     26/99     9.28G   0.04894   0.07072   0.02793    0.1476       192       640    0.4438    0.4712    0.4439    0.2725   0.04472     0.059   0.02224
     27/99     9.28G   0.04874    0.0703   0.02781    0.1468       164       640    0.4403     0.478    0.4491    0.2758   0.04454   0.05876   0.02197
     28/99     9.28G   0.04866    0.0704   0.02744    0.1465       162       640     0.438     0.485    0.4533     0.279   0.04437   0.05854   0.02172
     29/99     9.28G   0.04853   0.07022   0.02748    0.1462       206       640    0.4347    0.4903    0.4573    0.2819   0.04421   0.05833   0.02148
     30/99     9.28G    0.0484   0.07021   0.02716    0.1458       175       640    0.4345    0.4968    0.4616    0.2849   0.04405   0.05813   0.02125
     31/99     9.28G   0.04825   0.06987   0.02716    0.1453       185       640    0.4332    0.5026    0.4649    0.2872    0.0439   0.05796   0.02107
     32/99     9.28G   0.04819   0.07012   0.02694    0.1452       115       640    0.4324    0.5078    0.4681    0.2897   0.04377   0.05779   0.02088
     33/99     9.28G   0.04809   0.06989    0.0268    0.1448       217       640    0.4283    0.5135     0.471    0.2918   0.04363   0.05762   0.02069
     34/99     9.28G   0.04794   0.06984   0.02662    0.1444       169       640    0.4254    0.5182    0.4744    0.2945    0.0435   0.05746   0.02052
     35/99     9.28G   0.04781    0.0696    0.0265    0.1439       191       640    0.4216    0.5238    0.4774    0.2966   0.04338    0.0573   0.02036
     36/99     9.28G   0.04777   0.06973   0.02628    0.1438       163       640     0.419    0.5291    0.4801    0.2992   0.04327   0.05717   0.02021
     37/99     9.28G   0.04764   0.06953   0.02617    0.1433       204       640    0.4174    0.5325     0.483    0.3012   0.04316   0.05704   0.02007
     38/99     9.28G   0.04753   0.06957   0.02606    0.1432       205       640    0.4162    0.5365    0.4858    0.3034   0.04305   0.05692   0.01992
     39/99     9.28G   0.04749   0.06944   0.02599    0.1429       167       640    0.4149    0.5394    0.4882    0.3056   0.04295    0.0568    0.0198
     40/99     9.28G   0.04736   0.06941   0.02575    0.1425       227       640    0.4144    0.5436    0.4908    0.3071   0.04286   0.05669   0.01968
     41/99     9.28G   0.04718   0.06917   0.02565     0.142       188       640    0.4126    0.5474    0.4929    0.3089   0.04276   0.05658   0.01957
     42/99     9.28G    0.0472   0.06928   0.02544    0.1419       202       640    0.4104    0.5505    0.4951    0.3102   0.04267   0.05648   0.01945
     43/99     9.28G   0.04705   0.06921   0.02548    0.1417       196       640    0.4096    0.5553    0.4977    0.3121   0.04259   0.05638   0.01934
     44/99     9.28G   0.04698   0.06923   0.02523    0.1414       167       640    0.4079    0.5565    0.4998    0.3141    0.0425   0.05628   0.01921
     45/99     9.28G   0.04687   0.06895   0.02518     0.141       133       640    0.4056    0.5585    0.5013    0.3153   0.04242   0.05619   0.01911
     46/99     9.28G   0.04675   0.06889   0.02497    0.1406       181       640     0.404    0.5611     0.503    0.3166   0.04233    0.0561   0.01899
     47/99     9.28G   0.04665   0.06866   0.02491    0.1402       272       640    0.4035    0.5659     0.505    0.3179   0.04226   0.05602   0.01888
     48/99     9.28G   0.04654   0.06878   0.02471      0.14       189       640    0.4031    0.5702    0.5062    0.3188   0.04219   0.05595   0.01878
     49/99     9.28G   0.04641   0.06856    0.0246    0.1396       184       640    0.4025    0.5734    0.5089    0.3213   0.04212   0.05588   0.01867
     50/99     9.28G   0.04637    0.0686   0.02451    0.1395       169       640    0.4006    0.5756    0.5108    0.3224   0.04204   0.05581   0.01857
     51/99     9.28G   0.04626   0.06846   0.02436    0.1391       147       640    0.4006     0.578    0.5128    0.3238   0.04197   0.05575   0.01848
     52/99     9.28G   0.04612   0.06837   0.02418    0.1387       206       640    0.3989    0.5806    0.5145     0.325    0.0419    0.0557    0.0184
     53/99     9.28G   0.04609    0.0685   0.02404    0.1386       136       640     0.397    0.5819    0.5161    0.3266   0.04185   0.05564   0.01832
     54/99     9.28G   0.04591   0.06803   0.02396    0.1379       115       640    0.3971    0.5834    0.5179     0.328   0.04179   0.05559   0.01824
     55/99     9.28G   0.04587    0.0681   0.02384    0.1378       213       640    0.3959    0.5858    0.5188    0.3287   0.04173   0.05553   0.01816
     56/99     9.28G   0.04569   0.06801   0.02364    0.1373       150       640    0.3959    0.5867    0.5198    0.3296   0.04166   0.05548   0.01807
     57/99     9.28G   0.04564   0.06779   0.02352    0.1369       229       640    0.3959    0.5884    0.5211    0.3309   0.04159   0.05542   0.01799
     58/99     9.28G   0.04554   0.06779   0.02346    0.1368       201       640    0.3948    0.5903    0.5231    0.3322   0.04153   0.05536   0.01791
     59/99     9.28G   0.04547   0.06786   0.02332    0.1367       237       640    0.3945    0.5923    0.5251    0.3336   0.04148   0.05531   0.01783
     60/99     9.28G   0.04537   0.06791   0.02318    0.1365       179       640     0.405    0.5937    0.5268    0.3347   0.04143   0.05526   0.01776
     61/99     9.28G   0.04525   0.06767   0.02304     0.136       149       640    0.4065    0.5959    0.5285    0.3359   0.04138   0.05521   0.01769
     62/99     9.28G    0.0451   0.06749   0.02292    0.1355       218       640    0.4072    0.5973      0.53    0.3369   0.04132   0.05516   0.01761
     63/99     9.28G   0.04505   0.06722    0.0227     0.135       229       640    0.4057    0.5993    0.5309    0.3382   0.04128   0.05513   0.01755
     64/99     9.28G   0.04495    0.0674   0.02267     0.135       185       640     0.406    0.6016    0.5322    0.3392   0.04123   0.05509   0.01749
     65/99     9.28G   0.04485   0.06725   0.02246    0.1346       199       640    0.4054    0.6033    0.5333    0.3402   0.04118   0.05505   0.01743
     66/99     9.28G   0.04474   0.06708   0.02238    0.1342       176       640    0.4046    0.6051    0.5351    0.3417   0.04113     0.055   0.01736
     67/99     9.28G   0.04467   0.06691   0.02218    0.1338       151       640    0.4043    0.6066    0.5364    0.3424   0.04108   0.05497    0.0173
     68/99     9.28G   0.04454   0.06687    0.0222    0.1336       244       640    0.4041    0.6082    0.5374    0.3432   0.04103   0.05493   0.01724
     69/99     9.28G    0.0445   0.06699   0.02204    0.1335       137       640    0.4038    0.6091    0.5385    0.3447   0.04098   0.05491   0.01716
     70/99     9.28G    0.0444   0.06677   0.02197    0.1331       157       640    0.4032    0.6114      0.54    0.3455   0.04094   0.05487    0.0171
     71/99     9.28G   0.04432   0.06669   0.02186    0.1329       212       640     0.403    0.6132    0.5415    0.3466    0.0409   0.05483   0.01705
     72/99     9.28G   0.04417   0.06671   0.02161    0.1325       112       640    0.4027    0.6139    0.5425    0.3471   0.04086   0.05478   0.01698
     73/99     9.28G   0.04409   0.06646   0.02148     0.132       190       640     0.402    0.6153    0.5432    0.3481   0.04082   0.05476   0.01692
     74/99     9.28G   0.04396   0.06635   0.02137    0.1317       180       640    0.4018    0.6182    0.5444    0.3483   0.04077   0.05473   0.01687
     75/99     9.28G   0.04388   0.06621    0.0213    0.1314       163       640    0.4005    0.6187    0.5451    0.3495   0.04073    0.0547   0.01681
     76/99     9.28G   0.04383   0.06608   0.02114    0.1311       220       640    0.4003     0.619     0.546      0.35   0.04069   0.05466   0.01675
     77/99     9.28G   0.04371     0.066   0.02113    0.1308       163       640    0.4009    0.6208    0.5469    0.3506   0.04066   0.05462   0.01671
     78/99     9.28G   0.04365   0.06609   0.02098    0.1307       214       640    0.4003    0.6213    0.5476    0.3514   0.04062   0.05459   0.01667
     79/99     9.28G   0.04354   0.06604   0.02083    0.1304       181       640    0.3994    0.6229    0.5482    0.3521   0.04058   0.05456   0.01662
     80/99     9.28G   0.04347   0.06609   0.02073    0.1303       195       640    0.3994    0.6237    0.5496    0.3525   0.04054   0.05453   0.01656
     81/99     9.28G   0.04339    0.0659   0.02062    0.1299       193       640       0.4     0.625    0.5495    0.3532    0.0405    0.0545   0.01652
     82/99     9.28G   0.04328   0.06574   0.02046    0.1295       151       640    0.4026    0.6272    0.5509    0.3538   0.04046   0.05447   0.01647
     83/99     9.28G    0.0432   0.06567   0.02049    0.1294       188       640    0.4023    0.6281     0.552     0.355   0.04043   0.05444   0.01643
     84/99     9.28G   0.04318   0.06562   0.02037    0.1292       174       640    0.4024    0.6288    0.5527    0.3558    0.0404    0.0544   0.01638
     85/99     9.28G   0.04308   0.06538   0.02019    0.1287       191       640    0.4024    0.6298    0.5536    0.3564   0.04037   0.05438   0.01635
     86/99     9.28G   0.04299   0.06542   0.02014    0.1285       245       640     0.402    0.6297    0.5539    0.3571   0.04034   0.05435   0.01633
     87/99     9.28G   0.04296   0.06543   0.02003    0.1284       229       640    0.4011    0.6308     0.555    0.3579   0.04031   0.05432   0.01629
     88/99     9.28G   0.04288   0.06526   0.01993    0.1281       223       640    0.4005    0.6326     0.556    0.3586   0.04027   0.05429   0.01625
     89/99     9.28G   0.04283   0.06526   0.01982    0.1279       201       640    0.3998    0.6332    0.5567    0.3592   0.04024   0.05427   0.01621
     90/99     9.28G   0.04273   0.06514   0.01981    0.1277       170       640    0.3998    0.6333    0.5572    0.3595   0.04022   0.05425   0.01618
     91/99     9.28G   0.04277   0.06523   0.01975    0.1278       225       640    0.3994    0.6338     0.558    0.3601   0.04019   0.05423   0.01615
     92/99     9.28G   0.04267   0.06529   0.01964    0.1276       171       640    0.3994    0.6353    0.5586    0.3609   0.04017   0.05422   0.01611
     93/99     9.28G   0.04254     0.065   0.01961    0.1272       158       640    0.3991    0.6356    0.5586    0.3612   0.04015   0.05421   0.01608
     94/99     9.28G   0.04255   0.06493   0.01948     0.127       171       640    0.3992    0.6376    0.5593    0.3612   0.04012    0.0542   0.01605
     95/99     9.28G   0.04249   0.06477   0.01949    0.1268       182       640    0.3979    0.6371    0.5597    0.3617   0.04009   0.05418   0.01602
     96/99     9.28G   0.04249   0.06479   0.01946    0.1267       192       640    0.3971    0.6378      0.56    0.3624   0.04007   0.05417   0.01599
     97/99     9.28G   0.04247   0.06482   0.01941    0.1267       231       640    0.3971    0.6381    0.5607    0.3632   0.04005   0.05416   0.01597
     98/99     9.28G   0.04243   0.06488   0.01941    0.1267       172       640    0.3974    0.6385    0.5611    0.3635   0.04003   0.05414   0.01595
     99/99     9.28G   0.04243   0.06491   0.01939    0.1267       265       640     0.396    0.6371    0.5687    0.3763   0.04001   0.05412   0.01594
