      0/99     6.18G   0.08353   0.08223   0.07947    0.2452       198       640   0.06395   0.01871      0.02  0.007606   0.06924   0.07107   0.06884
      1/99     7.82G   0.06639   0.08132   0.06328     0.211       225       640    0.2268    0.1211   0.09654   0.04536   0.05997   0.06763   0.05156
      2/99     9.14G   0.06221   0.07923   0.05236    0.1938       144       640    0.2715    0.2118     0.169   0.08608   0.05549   0.06536   0.04198
      3/99     9.14G   0.05908   0.07781   0.04605    0.1829       162       640    0.2757    0.2971    0.2321    0.1242   0.05255   0.06381   0.03623
      4/99     9.14G   0.05675    0.0764   0.04184     0.175       159       640    0.2892    0.3511    0.2759    0.1517    0.0508   0.06278     0.033
      5/99     9.14G   0.05531   0.07547   0.03924      0.17       180       640    0.3177    0.3831    0.3083    0.1729   0.04964   0.06204   0.03102
      6/99     9.14G   0.05435   0.07489    0.0374    0.1666       200       640     0.329    0.4029    0.3256    0.1855   0.04891   0.06151   0.02973
      7/99     9.14G   0.05361   0.07443   0.03609    0.1641       159       640    0.3329    0.4123    0.3387    0.1947   0.04844   0.06118   0.02893
      8/99     9.14G   0.05304   0.07403   0.03499    0.1621       132       640    0.3443     0.417    0.3475    0.2006    0.0481   0.06097   0.02835
      9/99     9.14G   0.05255   0.07381    0.0342    0.1606       144       640    0.3543    0.4178    0.3546    0.2053   0.04783   0.06084   0.02793
     10/99     9.14G    0.0521   0.07323   0.03341    0.1587       206       640    0.3551    0.4158      0.36    0.2089   0.04762   0.06078   0.02758
     11/99     9.14G   0.05182   0.07294   0.03281    0.1576       194       640    0.3703    0.4129     0.365    0.2121   0.04743   0.06079   0.02727
     12/99     9.14G   0.05147   0.07258   0.03224    0.1563       192       640    0.3872    0.4099    0.3689    0.2157   0.04727   0.06086   0.02701
     13/99     9.14G   0.05118   0.07264   0.03184    0.1557       185       640    0.4032    0.4063    0.3726    0.2184   0.04711     0.061   0.02675
     14/99     9.14G   0.05097   0.07238   0.03139    0.1547       270       640    0.4198    0.4042    0.3771    0.2215   0.04696   0.06118   0.02649
     15/99     9.14G   0.05073   0.07182   0.03107    0.1536       266       640    0.4341    0.4016    0.3811    0.2248   0.04682   0.06134   0.02622
     16/99     9.14G   0.05051   0.07187   0.03061     0.153       204       640    0.4459    0.3999    0.3855     0.228   0.04666   0.06149   0.02596
     17/99     9.14G   0.05031   0.07182   0.03036    0.1525       195       640    0.4569    0.4011    0.3901    0.2315    0.0465   0.06158   0.02567
     18/99     9.14G   0.05014   0.07173   0.03007    0.1519       141       640    0.4652     0.404    0.3951    0.2351   0.04633   0.06161   0.02536
     19/99     9.14G    0.0499   0.07163   0.02981    0.1513       194       640    0.4724    0.4062       0.4    0.2389   0.04614   0.06158   0.02505
     20/99     9.14G   0.04982   0.07146   0.02963    0.1509       168       640    0.4766    0.4092    0.4054     0.243   0.04595   0.06154   0.02475
     21/99     9.14G    0.0496   0.07121   0.02936    0.1502       230       640    0.4823    0.4153    0.4108    0.2467   0.04576   0.06141   0.02443
     22/99     9.14G   0.04948   0.07095   0.02908    0.1495       209       640    0.4955    0.4196    0.4161     0.251   0.04556   0.06124    0.0241
     23/99     9.14G   0.04936   0.07104   0.02892    0.1493       240       640    0.4964    0.4256    0.4219    0.2549   0.04537   0.06103   0.02379
     24/99     9.14G   0.04922   0.07077   0.02868    0.1487       222       640    0.4902    0.4329    0.4268    0.2587   0.04518   0.06079   0.02349
     25/99     9.14G   0.04909   0.07067   0.02859    0.1483       166       640    0.4874    0.4394    0.4324    0.2624   0.04499   0.06054    0.0232
     26/99     9.14G   0.04897   0.07096   0.02829    0.1482       204       640    0.4851    0.4465    0.4372    0.2662   0.04481   0.06027    0.0229
     27/99     9.14G   0.04887   0.07037   0.02821    0.1474       128       640    0.4816    0.4532    0.4417    0.2701   0.04463   0.05999   0.02261
     28/99     9.14G   0.04871   0.07038   0.02796    0.1471       160       640    0.4788    0.4605    0.4462    0.2734   0.04447   0.05973   0.02234
     29/99     9.14G   0.04857   0.07041   0.02775    0.1467       120       640    0.4783    0.4681    0.4505    0.2767   0.04431   0.05946    0.0221
     30/99     9.14G   0.04843   0.07018   0.02759    0.1462       196       640    0.4728    0.4747    0.4545    0.2794   0.04416    0.0592   0.02186
     31/99     9.14G   0.04836   0.07006   0.02744    0.1459       177       640    0.4693    0.4796    0.4581    0.2821   0.04401   0.05896   0.02164
     32/99     9.14G   0.04829   0.07025   0.02737    0.1459       152       640    0.4651    0.4853    0.4621     0.285   0.04387   0.05874   0.02141
     33/99     9.14G   0.04812   0.07002   0.02711    0.1453       169       640    0.4627    0.4904    0.4656    0.2876   0.04374   0.05854   0.02121
     34/99     9.14G   0.04804   0.07005   0.02697    0.1451       227       640    0.4598    0.4951    0.4688      0.29    0.0436   0.05834   0.02102
     35/99     9.14G   0.04791      0.07   0.02685    0.1448       179       640     0.458    0.5001    0.4722    0.2928   0.04347   0.05813   0.02082
     36/99     9.14G   0.04784   0.06986   0.02677    0.1445       102       640     0.455    0.5055    0.4757    0.2948   0.04334   0.05795   0.02065
     37/99     9.14G   0.04773   0.06963   0.02665     0.144       185       640    0.4516    0.5098    0.4785    0.2971   0.04322   0.05777   0.02049
     38/99     9.14G   0.04755   0.06951   0.02645    0.1435       204       640    0.4481    0.5133    0.4805     0.299    0.0431   0.05762   0.02034
     39/99     9.14G   0.04755   0.06962   0.02639    0.1436       194       640    0.4457    0.5171     0.483    0.3007   0.04299   0.05747   0.02019
     40/99     9.15G   0.04733   0.06933   0.02618    0.1428       321       640     0.443    0.5197    0.4849    0.3025   0.04289   0.05734   0.02007
     41/99     9.15G    0.0473   0.06951   0.02598    0.1428       188       640     0.441    0.5247    0.4878    0.3044   0.04279   0.05721   0.01993
     42/99     9.15G   0.04716   0.06929   0.02595    0.1424       207       640    0.4385    0.5289      0.49     0.306   0.04269   0.05707    0.0198
     43/99     9.15G    0.0471   0.06937   0.02581    0.1423       175       640    0.4388    0.5342    0.4924    0.3075   0.04261   0.05694   0.01967
     44/99     9.15G   0.04697   0.06926   0.02549    0.1417       173       640    0.4382    0.5396    0.4946     0.309   0.04251    0.0568   0.01953
     45/99     9.15G   0.04689   0.06901   0.02552    0.1414       251       640    0.4355    0.5435     0.497    0.3109   0.04242   0.05668    0.0194
     46/99     9.15G   0.04678   0.06896   0.02527     0.141       176       640    0.4335    0.5471    0.4994    0.3131   0.04233   0.05657   0.01928
     47/99     9.15G   0.04673   0.06889   0.02528    0.1409       180       640    0.4319    0.5503    0.5016    0.3144   0.04225   0.05647   0.01916
     48/99     9.15G   0.04665   0.06883   0.02514    0.1406       145       640    0.4305    0.5545    0.5041    0.3158   0.04217   0.05637   0.01905
     49/99     9.15G   0.04646   0.06841   0.02494    0.1398       150       640    0.4294    0.5569    0.5062    0.3179    0.0421   0.05627   0.01893
     50/99     9.15G   0.04638   0.06849   0.02476    0.1396       188       640    0.4278    0.5598    0.5076    0.3189   0.04203   0.05618   0.01882
     51/99     9.15G   0.04628   0.06847   0.02463    0.1394       229       640    0.4261    0.5627    0.5095    0.3204   0.04196    0.0561   0.01871
     52/99     9.15G   0.04619   0.06841   0.02462    0.1392       220       640    0.4377     0.567    0.5121    0.3221   0.04189   0.05602   0.01861
     53/99     9.15G   0.04611   0.06826    0.0244    0.1388       107       640    0.4373    0.5706    0.5136    0.3235   0.04182   0.05593   0.01852
     54/99     9.15G   0.04601   0.06854   0.02428    0.1388       139       640    0.4353    0.5723     0.515    0.3249   0.04175   0.05585   0.01844
     55/99     9.15G   0.04589   0.06829   0.02407    0.1383       254       640    0.4331    0.5736    0.5162    0.3261   0.04169   0.05578   0.01834
     56/99     9.15G   0.04584   0.06808   0.02406     0.138       194       640    0.4314    0.5755    0.5183    0.3275   0.04163    0.0557   0.01824
     57/99     9.15G   0.04571   0.06794   0.02385    0.1375       184       640    0.4297    0.5764    0.5197    0.3289   0.04157   0.05563   0.01816
     58/99     9.15G   0.04563   0.06814    0.0237    0.1375       182       640    0.4295    0.5788    0.5215    0.3304   0.04151   0.05556   0.01807
     59/99     9.15G    0.0455   0.06781   0.02362    0.1369       163       640    0.4293     0.581    0.5233    0.3316   0.04145   0.05551   0.01799
     60/99     9.15G   0.04547    0.0677   0.02352    0.1367       190       640    0.4298    0.5832    0.5246    0.3328   0.04139   0.05545   0.01791
     61/99     9.15G   0.04526    0.0676    0.0233    0.1362       190       640    0.4292    0.5838    0.5265    0.3341   0.04132   0.05539   0.01782
     62/99     9.15G   0.04521   0.06753    0.0233     0.136       221       640    0.4277    0.5859    0.5279    0.3353   0.04126   0.05534   0.01775
     63/99     9.15G   0.04508    0.0677   0.02313    0.1359       154       640    0.4288    0.5885    0.5291    0.3364    0.0412   0.05528   0.01768
     64/99     9.15G   0.04497   0.06769   0.02296    0.1356       221       640    0.4281    0.5906    0.5308    0.3374   0.04115   0.05522    0.0176
     65/99     9.15G   0.04492   0.06739   0.02288    0.1352       257       640    0.4259    0.5908    0.5315    0.3386   0.04109   0.05517   0.01752
     66/99     9.15G    0.0448    0.0672   0.02265    0.1347       182       640    0.4258    0.5922    0.5331    0.3396   0.04105   0.05511   0.01745
     67/99     9.15G   0.04472   0.06719    0.0226    0.1345       208       640    0.4257     0.595    0.5349    0.3408     0.041   0.05506   0.01739
     68/99     9.15G    0.0446   0.06708   0.02246    0.1341       132       640    0.4239    0.5972    0.5368    0.3417   0.04095   0.05502   0.01732
     69/99     9.15G   0.04455   0.06698   0.02237    0.1339       154       640    0.4241    0.5988     0.538    0.3427    0.0409   0.05498   0.01725
     70/99     9.15G   0.04445   0.06683   0.02222    0.1335       209       640    0.4241    0.6009     0.539    0.3435   0.04085   0.05493   0.01719
     71/99     9.15G    0.0443   0.06701   0.02209    0.1334       191       640    0.4221    0.6017    0.5398    0.3447   0.04081   0.05489   0.01713
     72/99     9.15G    0.0442   0.06645   0.02196    0.1326       223       640     0.422    0.6025    0.5414    0.3459   0.04077   0.05486   0.01706
     73/99     9.15G    0.0441   0.06655   0.02181    0.1325       189       640    0.4232    0.6053    0.5428     0.347   0.04072   0.05483   0.01699
     74/99     9.15G   0.04407   0.06662   0.02173    0.1324       143       640    0.4215    0.6053     0.544    0.3477   0.04067   0.05479   0.01693
     75/99     9.15G   0.04395   0.06658   0.02156    0.1321       159       640     0.421    0.6059    0.5445    0.3484   0.04063   0.05474   0.01687
     76/99     9.15G   0.04378   0.06621   0.02148    0.1315       262       640    0.4202    0.6073    0.5455    0.3489   0.04058   0.05471    0.0168
     77/99     9.15G   0.04378   0.06636   0.02136    0.1315       159       640     0.421    0.6092    0.5469    0.3498   0.04053   0.05467   0.01674
     78/99     9.15G   0.04366    0.0661   0.02125     0.131       149       640     0.421    0.6096    0.5474    0.3512   0.04049   0.05463   0.01668
     79/99     9.15G   0.04357   0.06597    0.0211    0.1306       155       640     0.423    0.6105    0.5486    0.3522   0.04046    0.0546   0.01663
     80/99     9.15G   0.04347    0.0659   0.02094    0.1303       231       640    0.4224    0.6129    0.5503     0.353   0.04041   0.05457   0.01658
     81/99     9.15G    0.0434   0.06594   0.02088    0.1302       171       640    0.4224    0.6142    0.5515    0.3539   0.04037   0.05452   0.01653
     82/99     9.15G   0.04332    0.0658   0.02083      0.13       202       640    0.4223    0.6156    0.5524    0.3547   0.04033   0.05449   0.01649
     83/99     9.15G   0.04324    0.0656   0.02063    0.1295       220       640    0.4205    0.6187    0.5538    0.3551    0.0403   0.05447   0.01644
     84/99     9.15G   0.04319   0.06574   0.02053    0.1295       229       640    0.4192     0.619    0.5546    0.3556   0.04027   0.05445   0.01639
     85/99     9.15G   0.04303    0.0656   0.02042    0.1291       131       640    0.4188    0.6205     0.555    0.3564   0.04023   0.05442   0.01635
     86/99     9.15G   0.04299   0.06542   0.02035    0.1288       184       640     0.419    0.6219    0.5564    0.3579   0.04019    0.0544   0.01631
     87/99     9.15G   0.04292   0.06535   0.02024    0.1285       106       640     0.418    0.6244    0.5577    0.3585   0.04016   0.05437   0.01627
     88/99     9.15G   0.04289   0.06557   0.02019    0.1287       235       640    0.4157    0.6247    0.5581    0.3591   0.04013   0.05434   0.01622
     89/99     9.15G   0.04285   0.06535   0.02013    0.1283       181       640    0.4153    0.6259     0.559    0.3599    0.0401    0.0543   0.01619
     90/99     9.15G   0.04279    0.0652   0.02004     0.128       141       640    0.4151    0.6268    0.5592    0.3604   0.04008   0.05428   0.01616
     91/99     9.15G    0.0427   0.06526   0.02004     0.128       213       640    0.4131     0.627    0.5596    0.3608   0.04005   0.05426   0.01614
     92/99     9.15G   0.04269   0.06515   0.01993    0.1278       157       640    0.4124    0.6279    0.5602    0.3614   0.04003   0.05424   0.01612
     93/99     9.15G   0.04261   0.06492   0.01981    0.1273       168       640    0.4132    0.6301    0.5611     0.362      0.04   0.05422   0.01609
     94/99     9.15G   0.04257   0.06512   0.01981    0.1275       151       640    0.4121    0.6313    0.5615    0.3623   0.03997    0.0542   0.01605
     95/99     9.15G   0.04257   0.06519   0.01971    0.1275       238       640    0.4112    0.6309    0.5618     0.363   0.03993   0.05417   0.01601
     96/99     9.15G   0.04252   0.06499   0.01969    0.1272       207       640    0.4109    0.6324    0.5626    0.3636   0.03991   0.05415   0.01597
     97/99     9.15G   0.04253   0.06484   0.01969    0.1271       181       640    0.4104    0.6325    0.5631    0.3642   0.03989   0.05412   0.01595
     98/99     9.15G   0.04246    0.0649   0.01961     0.127       205       640    0.4105    0.6321    0.5634    0.3643   0.03987    0.0541   0.01592
     99/99     9.15G   0.04249   0.06502   0.01958    0.1271       170       640    0.4105    0.6329    0.5717    0.3781   0.03986   0.05409    0.0159
