      0/99     5.64G   0.08308   0.08199   0.07944    0.2445       229       640   0.05147   0.01856   0.01927  0.007274   0.06975   0.07121   0.06881
      1/99      9.6G   0.06679   0.08131   0.06318    0.2113       161       640     0.226    0.1116   0.09178   0.04208   0.06037   0.06792   0.05169
      2/99      9.6G   0.06232   0.07903    0.0523    0.1936       135       640    0.2499    0.2127    0.1674   0.08455   0.05592    0.0656   0.04171
      3/99      9.6G   0.05909   0.07756   0.04579    0.1824       206       640    0.2786    0.2938    0.2321    0.1237    0.0529   0.06389   0.03604
      4/99      9.6G   0.05689   0.07646   0.04179    0.1751       164       640    0.2825    0.3464    0.2753    0.1515    0.0511   0.06279   0.03286
      5/99      9.6G   0.05546   0.07565   0.03931    0.1704       235       640    0.2954    0.3798    0.3043    0.1699   0.04992   0.06202    0.0308
      6/99      9.6G   0.05446   0.07483   0.03744    0.1667       132       640    0.3078    0.3997    0.3249    0.1839   0.04912   0.06152   0.02951
      7/99      9.6G   0.05379   0.07443   0.03615    0.1644       179       640    0.3286    0.4126    0.3399     0.194   0.04863   0.06116   0.02863
      8/99      9.6G   0.05316   0.07403   0.03508    0.1623       241       640    0.3379    0.4177     0.349    0.1997   0.04829   0.06092   0.02807
      9/99      9.6G   0.05269   0.07368   0.03423    0.1606       181       640    0.3505    0.4197     0.356    0.2049   0.04801   0.06076   0.02765
     10/99      9.6G   0.05224   0.07325   0.03346    0.1589       238       640    0.3616    0.4197    0.3615    0.2094   0.04777   0.06065    0.0273
     11/99      9.6G   0.05186   0.07314    0.0329    0.1579       187       640    0.3761    0.4188     0.367    0.2134   0.04756    0.0606   0.02698
     12/99      9.6G    0.0516   0.07283   0.03242    0.1569       196       640    0.4044    0.4173    0.3722    0.2175   0.04737    0.0606   0.02668
     13/99      9.6G   0.05136   0.07269   0.03193     0.156       178       640    0.4087    0.4138    0.3761    0.2207   0.04719   0.06066   0.02642
     14/99      9.6G   0.05101   0.07236   0.03146    0.1548       190       640    0.4206    0.4117    0.3804    0.2242   0.04701   0.06072   0.02613
     15/99      9.6G   0.05076   0.07223   0.03108    0.1541       154       640    0.4317    0.4113    0.3853    0.2278   0.04682   0.06075   0.02584
     16/99      9.6G   0.05062   0.07201   0.03068    0.1533       152       640    0.4423    0.4128    0.3904    0.2312   0.04663   0.06076   0.02554
     17/99      9.6G   0.05039   0.07169   0.03045    0.1525       191       640    0.4374    0.4142     0.395    0.2353   0.04644   0.06077   0.02527
     18/99      9.6G    0.0503   0.07157   0.03016     0.152       204       640    0.4451    0.4174    0.4006    0.2392   0.04626   0.06075   0.02497
     19/99      9.6G    0.0501   0.07163   0.02986    0.1516       118       640    0.4525    0.4217     0.406    0.2429   0.04605   0.06064   0.02465
     20/99      9.6G   0.04981   0.07126   0.02955    0.1506       292       640    0.4566    0.4262    0.4115    0.2471   0.04584   0.06053   0.02432
     21/99      9.6G   0.04971   0.07133   0.02925    0.1503       218       640    0.4642    0.4317    0.4175    0.2511   0.04564   0.06037   0.02401
     22/99      9.6G    0.0496   0.07106   0.02924    0.1499       204       640    0.4677    0.4382    0.4234    0.2551   0.04543   0.06018   0.02369
     23/99      9.6G    0.0494    0.0711   0.02898    0.1495       149       640     0.466    0.4437    0.4283    0.2592   0.04523   0.05996   0.02337
     24/99      9.6G   0.04923     0.071   0.02867    0.1489       196       640    0.4636    0.4508     0.434    0.2632   0.04502   0.05976   0.02307
     25/99      9.6G   0.04916   0.07089   0.02855    0.1486       163       640    0.4625    0.4581    0.4387    0.2668   0.04483   0.05954   0.02277
     26/99      9.6G   0.04902   0.07076   0.02824     0.148       176       640    0.4614    0.4642    0.4429    0.2709   0.04465   0.05933    0.0225
     27/99      9.6G   0.04887    0.0706   0.02812    0.1476       158       640    0.4596      0.47    0.4473    0.2736   0.04448   0.05913   0.02226
     28/99      9.6G   0.04876   0.07039   0.02795    0.1471       126       640     0.456    0.4752    0.4515    0.2771   0.04431   0.05891     0.022
     29/99      9.6G   0.04871   0.07053    0.0278     0.147       209       640    0.4556    0.4804    0.4552    0.2799   0.04415   0.05869   0.02176
     30/99      9.6G   0.04846   0.07041   0.02758    0.1465       206       640    0.4526    0.4877    0.4591     0.283     0.044   0.05847   0.02155
     31/99      9.6G   0.04844   0.07034   0.02737    0.1461       191       640    0.4506    0.4942    0.4629    0.2859   0.04386   0.05826   0.02133
     32/99      9.6G   0.04828   0.06999   0.02724    0.1455       148       640    0.4451    0.4992    0.4661    0.2882   0.04373   0.05805   0.02114
     33/99      9.6G   0.04821   0.07004   0.02719    0.1454       181       640    0.4424    0.5047    0.4701    0.2915   0.04359   0.05787   0.02096
     34/99      9.6G   0.04805   0.06986   0.02698    0.1449       183       640    0.4391    0.5098    0.4733    0.2937   0.04347   0.05771   0.02079
     35/99      9.6G   0.04798   0.06991   0.02692    0.1448       255       640    0.4356    0.5145    0.4759    0.2959   0.04335   0.05756   0.02063
     36/99      9.6G   0.04786   0.06974   0.02673    0.1443       186       640    0.4326    0.5189     0.479    0.2978   0.04323   0.05741   0.02047
     37/99      9.6G   0.04774   0.06946   0.02648    0.1437       165       640    0.4303    0.5229    0.4818    0.3002   0.04311   0.05727   0.02032
     38/99      9.6G   0.04765   0.06947   0.02639    0.1435       277       640    0.4283    0.5259    0.4842    0.3024     0.043   0.05713   0.02016
     39/99      9.6G   0.04755   0.06948    0.0262    0.1432       157       640     0.428    0.5311    0.4865    0.3042   0.04291   0.05701   0.02002
     40/99      9.6G    0.0474    0.0693   0.02622    0.1429       186       640    0.4271    0.5352    0.4891    0.3058   0.04282   0.05689   0.01989
     41/99      9.6G   0.04729    0.0693     0.026    0.1426       224       640    0.4259    0.5389    0.4914    0.3075   0.04274   0.05679   0.01978
     42/99      9.6G   0.04726   0.06912   0.02585    0.1422       206       640    0.4248    0.5421    0.4934    0.3092   0.04265   0.05667   0.01964
     43/99      9.6G   0.04715   0.06907   0.02568    0.1419       150       640    0.4244    0.5448    0.4952    0.3106   0.04257   0.05657   0.01952
     44/99      9.6G   0.04702   0.06883   0.02556    0.1414       229       640    0.4233    0.5481    0.4972    0.3121   0.04249   0.05649   0.01941
     45/99      9.6G   0.04695   0.06865   0.02539     0.141       218       640    0.4205    0.5506    0.4987    0.3132   0.04242   0.05641   0.01929
     46/99      9.6G   0.04685   0.06886    0.0253     0.141       173       640    0.4191    0.5539    0.5009    0.3147   0.04235   0.05631   0.01919
     47/99      9.6G   0.04675   0.06897   0.02518    0.1409       217       640    0.4183    0.5571    0.5032    0.3163   0.04227   0.05622   0.01908
     48/99      9.6G   0.04666   0.06882   0.02509    0.1406       160       640    0.4166    0.5594    0.5054    0.3175    0.0422   0.05613   0.01897
     49/99      9.6G   0.04651   0.06882   0.02486    0.1402       190       640    0.4149    0.5614    0.5075    0.3193   0.04212   0.05605   0.01885
     50/99      9.6G   0.04645   0.06851   0.02477    0.1397       170       640    0.4156     0.565     0.509    0.3206   0.04206   0.05599   0.01876
     51/99      9.6G   0.04632   0.06846    0.0246    0.1394       196       640    0.4146    0.5661    0.5108    0.3224   0.04199   0.05592   0.01864
     52/99      9.6G   0.04618   0.06837   0.02436    0.1389       153       640    0.4144    0.5687    0.5129    0.3238   0.04192   0.05585   0.01853
     53/99      9.6G   0.04616   0.06834   0.02438    0.1389       230       640    0.4143    0.5719     0.514    0.3248   0.04186   0.05581   0.01844
     54/99      9.6G   0.04608   0.06825   0.02425    0.1386       225       640    0.4254    0.5753    0.5163    0.3271   0.04179   0.05575   0.01835
     55/99      9.6G   0.04594   0.06823   0.02406    0.1382       174       640     0.424    0.5771    0.5176     0.328   0.04173    0.0557   0.01827
     56/99      9.6G   0.04584   0.06817   0.02397     0.138       182       640    0.4248     0.579    0.5197    0.3292   0.04167   0.05565   0.01819
     57/99      9.6G   0.04579   0.06804    0.0238    0.1376       181       640    0.4254    0.5804    0.5211    0.3303   0.04162   0.05558   0.01812
     58/99      9.6G   0.04567   0.06803    0.0237    0.1374       130       640    0.4243    0.5823    0.5219    0.3311   0.04156   0.05553   0.01804
     59/99      9.6G   0.04555   0.06783   0.02356    0.1369       197       640    0.4226    0.5842    0.5238    0.3323   0.04151   0.05546   0.01795
     60/99      9.6G   0.04541   0.06777   0.02342    0.1366       165       640     0.422    0.5873    0.5256    0.3332   0.04146    0.0554   0.01788
     61/99      9.6G   0.04539   0.06783   0.02323    0.1365       200       640     0.423    0.5896     0.527    0.3337   0.04141   0.05534   0.01779
     62/99      9.6G   0.04528   0.06752   0.02317     0.136       172       640    0.4241    0.5902    0.5281    0.3344   0.04135   0.05531   0.01773
     63/99      9.6G   0.04512   0.06755   0.02298    0.1357       159       640    0.4242    0.5928    0.5293    0.3353   0.04129   0.05526   0.01766
     64/99      9.6G   0.04503   0.06737   0.02288    0.1353       239       640    0.4233    0.5934    0.5299    0.3363   0.04123   0.05521   0.01759
     65/99      9.6G   0.04494   0.06718   0.02274    0.1349       184       640     0.425    0.5953    0.5318    0.3375   0.04118   0.05518   0.01752
     66/99      9.6G   0.04488     0.067   0.02258    0.1345       230       640    0.4242     0.596    0.5325    0.3386   0.04113   0.05514   0.01745
     67/99      9.6G   0.04472    0.0669    0.0225    0.1341       196       640    0.4238    0.5969    0.5336    0.3398   0.04108    0.0551   0.01739
     68/99      9.6G   0.04462   0.06719   0.02234    0.1342       213       640    0.4216    0.5967    0.5348    0.3409   0.04103   0.05506   0.01733
     69/99      9.6G   0.04456   0.06692   0.02213    0.1336       183       640     0.421    0.5974    0.5361    0.3419   0.04099   0.05503   0.01727
     70/99      9.6G    0.0445   0.06699   0.02213    0.1336       253       640    0.4221    0.5988     0.537    0.3428   0.04095   0.05499    0.0172
     71/99      9.6G   0.04437   0.06669   0.02202    0.1331       181       640    0.4228       0.6    0.5379    0.3435   0.04091   0.05495   0.01716
     72/99      9.6G   0.04422   0.06652   0.02185    0.1326       208       640    0.4236    0.6001    0.5386    0.3443   0.04087   0.05491    0.0171
     73/99      9.6G   0.04412   0.06672   0.02166    0.1325       181       640    0.4239    0.6019    0.5401    0.3453   0.04082   0.05487   0.01702
     74/99      9.6G   0.04404   0.06646    0.0216    0.1321       246       640    0.4227    0.6022    0.5412    0.3464   0.04079   0.05483   0.01695
     75/99      9.6G     0.044   0.06632    0.0215    0.1318       177       640    0.4208    0.6037     0.542     0.347   0.04075   0.05478   0.01688
     76/99      9.6G   0.04383   0.06612   0.02141    0.1314       207       640    0.4189    0.6054    0.5438    0.3481   0.04071   0.05474   0.01681
     77/99      9.6G   0.04384   0.06629   0.02125    0.1314       188       640    0.4183    0.6065    0.5444    0.3488   0.04067   0.05471   0.01675
     78/99      9.6G   0.04373   0.06618   0.02113     0.131       168       640    0.4176    0.6089    0.5457    0.3495   0.04063   0.05466   0.01669
     79/99      9.6G   0.04361   0.06594   0.02094    0.1305       200       640    0.4188    0.6098    0.5464    0.3498    0.0406   0.05462   0.01665
     80/99      9.6G   0.04353   0.06604   0.02093    0.1305       244       640      0.42     0.611    0.5477    0.3504   0.04057   0.05459   0.01661
     81/99      9.6G   0.04348   0.06583   0.02086    0.1302       222       640    0.4209    0.6133    0.5485     0.351   0.04053   0.05455   0.01657
     82/99      9.6G    0.0434   0.06579    0.0207    0.1299       206       640    0.4205    0.6131    0.5487    0.3516    0.0405   0.05453   0.01653
     83/99      9.6G   0.04327   0.06569   0.02056    0.1295       138       640    0.4189    0.6143    0.5492    0.3523   0.04046    0.0545   0.01648
     84/99      9.6G   0.04319   0.06554   0.02046    0.1292       148       640    0.4197    0.6156      0.55    0.3524   0.04042   0.05448   0.01645
     85/99      9.6G   0.04314   0.06555   0.02038    0.1291       243       640    0.4187    0.6153    0.5499    0.3533   0.04039   0.05444   0.01641
     86/99      9.6G   0.04308   0.06576   0.02026    0.1291       136       640    0.4187    0.6156    0.5507    0.3535   0.04034   0.05441   0.01638
     87/99      9.6G   0.04297   0.06535   0.02022    0.1285       132       640    0.4186    0.6167     0.552    0.3541   0.04031   0.05439   0.01635
     88/99      9.6G   0.04293   0.06533   0.02013    0.1284       193       640    0.4198     0.618    0.5529    0.3545   0.04027   0.05437    0.0163
     89/99      9.6G   0.04285    0.0651   0.02006     0.128       143       640    0.4182    0.6199    0.5538    0.3551   0.04025   0.05435   0.01625
     90/99      9.6G   0.04276   0.06523   0.01991    0.1279       224       640    0.4181    0.6205    0.5541    0.3558   0.04022   0.05432   0.01621
     91/99      9.6G   0.04271   0.06507   0.01986    0.1276       124       640    0.4179    0.6217    0.5542    0.3561    0.0402   0.05429   0.01618
     92/99      9.6G    0.0427   0.06505   0.01982    0.1276       186       640    0.4181    0.6225    0.5548    0.3569   0.04017   0.05426   0.01614
     93/99      9.6G   0.04266   0.06517   0.01976    0.1276       159       640    0.4175    0.6222    0.5553    0.3577   0.04015   0.05424   0.01609
     94/99      9.6G   0.04261   0.06485   0.01971    0.1272       163       640    0.4161    0.6216    0.5557     0.358   0.04013   0.05422   0.01606
     95/99      9.6G   0.04257   0.06472   0.01966    0.1269       212       640    0.4165    0.6219    0.5564    0.3583    0.0401    0.0542   0.01604
     96/99      9.6G   0.04255   0.06493   0.01962    0.1271       172       640    0.4155    0.6231     0.557    0.3582   0.04008   0.05419   0.01602
     97/99      9.6G   0.04251    0.0649   0.01951    0.1269       214       640    0.4149    0.6239    0.5578    0.3594   0.04006   0.05418     0.016
     98/99      9.6G    0.0425   0.06477   0.01951    0.1268       154       640    0.4157    0.6243     0.558    0.3598   0.04004   0.05416   0.01598
     99/99      9.6G   0.04251   0.06493   0.01952     0.127       223       640    0.4145    0.6236    0.5654    0.3736   0.04003   0.05414   0.01597
