      0/99     6.42G   0.08363   0.08246   0.07962    0.2457       142       640   0.01606   0.01838   0.01112  0.003744    0.0718   0.07171   0.07154
      1/99      9.7G   0.06717    0.0814   0.06366    0.2122       213       640    0.2194    0.1073   0.09043   0.04133   0.06105   0.06784   0.05243
      2/99      9.7G   0.06236   0.07878   0.05229    0.1934       176       640    0.2688    0.2157    0.1691   0.08586   0.05606   0.06552   0.04198
      3/99      9.7G   0.05906   0.07747   0.04584    0.1824       194       640    0.2836    0.3017    0.2375    0.1275    0.0529   0.06372   0.03614
      4/99      9.7G   0.05682   0.07634   0.04163    0.1748       188       640    0.2876    0.3536    0.2822    0.1573   0.05099   0.06252   0.03282
      5/99      9.7G   0.05539   0.07528   0.03915    0.1698       130       640     0.305    0.3901    0.3132    0.1783   0.04982   0.06169   0.03071
      6/99      9.7G   0.05434   0.07451   0.03731    0.1662       169       640    0.3083    0.4117    0.3326     0.192   0.04903   0.06117   0.02935
      7/99      9.7G   0.05365   0.07436   0.03588    0.1639       235       640    0.3153    0.4215    0.3457    0.2017   0.04847   0.06082   0.02848
      8/99      9.7G   0.05301   0.07384    0.0348    0.1616       191       640    0.3243    0.4248     0.355    0.2079   0.04811   0.06058   0.02788
      9/99      9.7G    0.0525   0.07326   0.03389    0.1597       181       640    0.3369    0.4274    0.3615    0.2129   0.04783   0.06042   0.02744
     10/99      9.7G   0.05206   0.07286   0.03307     0.158       204       640    0.3489     0.426    0.3671    0.2172   0.04758   0.06032   0.02708
     11/99      9.7G   0.05171   0.07252   0.03263    0.1569       177       640     0.363    0.4248    0.3718     0.221   0.04736   0.06029   0.02675
     12/99      9.7G   0.05141   0.07245   0.03204    0.1559       132       640     0.379    0.4226    0.3768    0.2252   0.04716   0.06031   0.02643
     13/99      9.7G   0.05114   0.07224   0.03159     0.155       250       640    0.3946    0.4229    0.3821    0.2286   0.04696   0.06035   0.02611
     14/99      9.7G   0.05084   0.07192   0.03105    0.1538       158       640    0.4211    0.4213    0.3867    0.2324   0.04678   0.06044    0.0258
     15/99      9.7G   0.05061   0.07193   0.03071    0.1532       123       640    0.4315    0.4213     0.392    0.2361   0.04658    0.0605   0.02549
     16/99      9.7G   0.05032   0.07141   0.03034    0.1521       159       640    0.4422    0.4225    0.3977    0.2403   0.04639   0.06055   0.02517
     17/99      9.7G   0.05015   0.07143   0.03007    0.1516       147       640    0.4516    0.4249     0.404    0.2444   0.04617   0.06054   0.02484
     18/99      9.7G   0.05004   0.07107   0.02982    0.1509       245       640    0.4627    0.4271    0.4092    0.2484   0.04597   0.06053   0.02452
     19/99      9.7G   0.04983   0.07152   0.02946    0.1508       202       640    0.4676    0.4321     0.415    0.2528   0.04575   0.06047   0.02419
     20/99      9.7G   0.04969   0.07104   0.02919    0.1499       197       640    0.4714    0.4365    0.4211     0.257   0.04554   0.06036   0.02387
     21/99      9.7G   0.04955   0.07077   0.02903    0.1494       245       640    0.4727    0.4425    0.4265    0.2613   0.04533   0.06019   0.02354
     22/99      9.7G   0.04944   0.07082   0.02886    0.1491       163       640    0.4745    0.4487    0.4321    0.2651   0.04512   0.05998   0.02322
     23/99      9.7G   0.04921    0.0705   0.02862    0.1483       210       640    0.4721    0.4544    0.4368     0.269   0.04492   0.05976   0.02291
     24/99      9.7G    0.0491    0.0705   0.02843     0.148       181       640    0.4707    0.4611    0.4418    0.2726   0.04472    0.0595   0.02262
     25/99      9.7G   0.04894    0.0704   0.02824    0.1476       149       640    0.4682    0.4678    0.4467    0.2762   0.04454   0.05924   0.02234
     26/99      9.7G   0.04882   0.07012   0.02804     0.147       182       640    0.4673    0.4742    0.4522    0.2797   0.04436     0.059   0.02208
     27/99      9.7G   0.04868   0.07012   0.02776    0.1466       201       640    0.4645    0.4803    0.4563    0.2827   0.04419   0.05879   0.02183
     28/99      9.7G   0.04852   0.07011   0.02768    0.1463       139       640    0.4629     0.487    0.4603     0.286   0.04403   0.05858   0.02159
     29/99      9.7G   0.04844   0.06997   0.02751    0.1459       189       640    0.4604    0.4939    0.4644     0.289   0.04388   0.05837   0.02136
     30/99      9.7G   0.04835   0.07005   0.02731    0.1457       189       640    0.4567    0.4984    0.4682    0.2917   0.04374   0.05817   0.02114
     31/99      9.7G   0.04821   0.06972   0.02723    0.1452       271       640     0.454    0.5026    0.4713    0.2942    0.0436   0.05799   0.02094
     32/99      9.7G   0.04815   0.06969   0.02705    0.1449       135       640    0.4514    0.5086     0.475    0.2965   0.04348   0.05781   0.02075
     33/99      9.7G   0.04796   0.06974   0.02692    0.1446       169       640     0.449    0.5126    0.4782    0.2987   0.04335   0.05764   0.02056
     34/99      9.7G    0.0479   0.06965   0.02672    0.1443       188       640    0.4442    0.5169    0.4812     0.301   0.04322   0.05745   0.02038
     35/99      9.7G   0.04783   0.06953   0.02664     0.144       179       640    0.4429    0.5219    0.4839     0.303   0.04311   0.05731   0.02022
     36/99      9.7G   0.04768   0.06933   0.02642    0.1434       163       640      0.44    0.5245    0.4865    0.3049     0.043   0.05718   0.02007
     37/99      9.7G   0.04762   0.06944   0.02627    0.1433       135       640    0.4376    0.5283    0.4887    0.3063    0.0429   0.05704   0.01992
     38/99      9.7G   0.04746   0.06911   0.02617    0.1427       157       640    0.4351    0.5317    0.4905    0.3082    0.0428    0.0569    0.0198
     39/99      9.7G    0.0474   0.06924   0.02604    0.1427       199       640    0.4324    0.5366     0.493      0.31   0.04271   0.05674   0.01966
     40/99      9.7G   0.04726   0.06894   0.02591    0.1421       201       640    0.4305    0.5405    0.4947    0.3119   0.04262   0.05661   0.01954
     41/99      9.7G   0.04712   0.06874   0.02576    0.1416       200       640    0.4292    0.5438    0.4971    0.3137   0.04254   0.05649   0.01941
     42/99      9.7G   0.04706   0.06886   0.02563    0.1415       157       640    0.4285    0.5471    0.4992    0.3158   0.04246   0.05638   0.01931
     43/99      9.7G   0.04695   0.06886    0.0255    0.1413       200       640    0.4277    0.5504     0.501    0.3171   0.04237   0.05629    0.0192
     44/99      9.7G   0.04689   0.06885   0.02535    0.1411       127       640    0.4277    0.5521    0.5032    0.3187   0.04229   0.05621    0.0191
     45/99      9.7G   0.04677   0.06881   0.02525    0.1408       222       640    0.4268    0.5546    0.5052    0.3205   0.04221   0.05612   0.01898
     46/99      9.7G    0.0467    0.0686   0.02512    0.1404       167       640    0.4268    0.5591    0.5076    0.3222   0.04213   0.05604   0.01887
     47/99      9.7G    0.0466   0.06856   0.02495    0.1401       248       640    0.4241    0.5607    0.5091    0.3234   0.04205   0.05595   0.01877
     48/99      9.7G   0.04647   0.06822   0.02486    0.1396       220       640    0.4232    0.5635    0.5112     0.325   0.04197   0.05586   0.01868
     49/99      9.7G   0.04637   0.06835   0.02473    0.1395       199       640    0.4231    0.5671     0.513    0.3264    0.0419   0.05579   0.01857
     50/99      9.7G   0.04631   0.06839   0.02457    0.1393       254       640    0.4215     0.569    0.5148    0.3278   0.04184    0.0557   0.01849
     51/99      9.7G   0.04615   0.06794   0.02437    0.1385       178       640    0.4202    0.5723    0.5167     0.329   0.04177   0.05562    0.0184
     52/99      9.7G   0.04606   0.06809   0.02435    0.1385       178       640    0.4187    0.5735    0.5184    0.3305    0.0417   0.05556    0.0183
     53/99      9.7G    0.0459   0.06775   0.02409    0.1377       243       640    0.4193    0.5752    0.5204    0.3322   0.04163   0.05548    0.0182
     54/99      9.7G   0.04583   0.06776     0.024    0.1376       140       640     0.418    0.5763    0.5219    0.3333   0.04157   0.05542   0.01811
     55/99      9.7G   0.04573   0.06774   0.02394    0.1374       229       640    0.4184    0.5787    0.5237    0.3344   0.04151   0.05535   0.01801
     56/99      9.7G   0.04559   0.06755   0.02375    0.1369       251       640     0.418    0.5811     0.525    0.3356   0.04146   0.05528   0.01793
     57/99      9.7G   0.04555   0.06755   0.02362    0.1367       138       640    0.4191    0.5835    0.5261    0.3367   0.04141   0.05522   0.01786
     58/99      9.7G   0.04542   0.06736   0.02351    0.1363       150       640    0.4184    0.5852    0.5275    0.3379   0.04136   0.05516   0.01778
     59/99      9.7G   0.04533   0.06736   0.02329     0.136       200       640    0.4177    0.5879    0.5299    0.3392    0.0413   0.05512   0.01771
     60/99      9.7G   0.04527   0.06711   0.02323    0.1356       240       640    0.4171    0.5897    0.5311    0.3398   0.04124   0.05505   0.01763
     61/99      9.7G   0.04516   0.06723   0.02305    0.1355       116       640    0.4162    0.5919     0.533     0.341   0.04118     0.055   0.01756
     62/99      9.7G   0.04505   0.06705   0.02291     0.135       158       640    0.4155    0.5938    0.5334    0.3418   0.04113   0.05495   0.01748
     63/99      9.7G   0.04494   0.06704   0.02286    0.1348       182       640     0.415    0.5956     0.535    0.3427   0.04107   0.05491   0.01742
     64/99      9.7G   0.04487   0.06686   0.02265    0.1344       204       640     0.415    0.5972    0.5358    0.3435   0.04102   0.05487   0.01736
     65/99      9.7G   0.04477   0.06686   0.02252    0.1341       150       640    0.4148    0.5988     0.537    0.3444   0.04097   0.05482    0.0173
     66/99      9.7G   0.04467    0.0668   0.02248    0.1339       148       640    0.4148    0.5999    0.5383    0.3453   0.04092   0.05477   0.01724
     67/99      9.7G   0.04449   0.06658   0.02228    0.1334       207       640    0.4145    0.6005    0.5391    0.3463   0.04086   0.05471   0.01716
     68/99      9.7G   0.04444   0.06667   0.02219    0.1333       172       640    0.4149    0.6032    0.5398    0.3474   0.04081   0.05466   0.01709
     69/99      9.7G   0.04428    0.0666   0.02196    0.1328       157       640    0.4143    0.6044    0.5414    0.3485   0.04076   0.05461   0.01702
     70/99      9.7G   0.04424   0.06638   0.02192    0.1325       175       640    0.4142    0.6054    0.5419    0.3491   0.04071   0.05458   0.01696
     71/99      9.7G   0.04414   0.06631   0.02177    0.1322       250       640    0.4148    0.6076    0.5429    0.3499   0.04066   0.05455    0.0169
     72/99      9.7G   0.04394   0.06606    0.0216    0.1316       182       640    0.4146    0.6085    0.5437    0.3506   0.04061   0.05451   0.01682
     73/99      9.7G   0.04391   0.06602   0.02154    0.1315       229       640    0.4152    0.6094    0.5449    0.3514   0.04056   0.05448   0.01679
     74/99      9.7G   0.04388   0.06613   0.02138    0.1314       169       640    0.4149     0.611    0.5465    0.3526   0.04051   0.05443   0.01672
     75/99      9.7G   0.04374   0.06608   0.02134    0.1312       250       640    0.4149    0.6122    0.5483    0.3535   0.04046   0.05439   0.01667
     76/99      9.7G   0.04363   0.06573   0.02121    0.1306       219       640    0.4151     0.613    0.5489    0.3542   0.04042   0.05434   0.01662
     77/99      9.7G   0.04358    0.0658   0.02106    0.1304       224       640    0.4143    0.6129    0.5492    0.3551   0.04038   0.05429   0.01657
     78/99      9.7G   0.04346   0.06569   0.02089      0.13       210       640    0.4281    0.6152    0.5519    0.3565   0.04035   0.05425   0.01654
     79/99      9.7G   0.04333   0.06547   0.02085    0.1297       167       640    0.4282    0.6155    0.5522    0.3574   0.04031   0.05422    0.0165
     80/99      9.7G   0.04327   0.06539   0.02068    0.1293       141       640    0.4281    0.6171    0.5534    0.3584   0.04028   0.05419   0.01644
     81/99      9.7G    0.0432   0.06539   0.02056    0.1291       185       640    0.4289    0.6185    0.5542    0.3589   0.04024   0.05415   0.01639
     82/99      9.7G    0.0431   0.06542   0.02044     0.129       155       640    0.4282    0.6184    0.5553    0.3596   0.04021   0.05412   0.01636
     83/99      9.7G   0.04295   0.06506   0.02035    0.1284       242       640    0.4152    0.6178    0.5554    0.3603   0.04017    0.0541   0.01631
     84/99      9.7G   0.04296   0.06515   0.02027    0.1284       214       640    0.4277    0.6195    0.5577    0.3615   0.04014   0.05406   0.01627
     85/99      9.7G    0.0429   0.06521   0.02025    0.1284       148       640    0.4168    0.6193    0.5577    0.3613    0.0401   0.05404   0.01624
     86/99      9.7G   0.04286   0.06516   0.02008    0.1281       153       640    0.4193    0.6207    0.5585    0.3619   0.04007   0.05402   0.01619
     87/99      9.7G   0.04279   0.06494   0.02002    0.1278       266       640    0.4218    0.6232    0.5598    0.3628   0.04003   0.05399   0.01614
     88/99      9.7G   0.04272   0.06485   0.01995    0.1275       178       640    0.4219    0.6237    0.5601     0.363   0.04001   0.05396    0.0161
     89/99      9.7G   0.04261   0.06472   0.01982    0.1271       228       640     0.421    0.6255    0.5613    0.3642   0.03998   0.05393   0.01608
     90/99      9.7G   0.04257   0.06473   0.01973     0.127       142       640    0.4207    0.6272    0.5618    0.3649   0.03995    0.0539   0.01605
     91/99      9.7G    0.0425   0.06478   0.01971     0.127       176       640    0.4201    0.6279    0.5629    0.3654   0.03992   0.05386   0.01602
     92/99      9.7G   0.04247   0.06471   0.01965    0.1268       213       640    0.4203    0.6286    0.5639    0.3663    0.0399   0.05383     0.016
     93/99      9.7G   0.04244   0.06485   0.01949    0.1268       134       640    0.4208    0.6313     0.565    0.3668   0.03987   0.05381   0.01597
     94/99      9.7G   0.04235   0.06463   0.01946    0.1264       164       640    0.4195    0.6317    0.5656    0.3672   0.03985   0.05378   0.01595
     95/99      9.7G   0.04233   0.06429   0.01936     0.126       182       640    0.4193    0.6327    0.5657    0.3674   0.03983   0.05376   0.01592
     96/99      9.7G    0.0423   0.06449   0.01935    0.1261       149       640    0.4183    0.6325    0.5659    0.3679    0.0398   0.05373   0.01588
     97/99      9.7G   0.04224   0.06423   0.01934    0.1258       193       640    0.4177    0.6318    0.5659     0.368   0.03978   0.05373   0.01585
     98/99      9.7G   0.04229   0.06431   0.01938     0.126       179       640    0.4159    0.6326    0.5669    0.3685   0.03976   0.05371   0.01583
     99/99      9.7G   0.04225   0.06445   0.01937    0.1261       268       640    0.4167    0.6333    0.5744    0.3818   0.03973   0.05369    0.0158
