      0/99      4.9G   0.08335   0.08241   0.07955    0.2453       141       640   0.02731   0.01635   0.01639  0.005871   0.06964   0.07113   0.06904
      1/99     10.1G   0.06679   0.08132   0.06308    0.2112       206       640    0.2061    0.1162   0.09537   0.04414   0.06034   0.06766   0.05131
      2/99     10.1G   0.06218   0.07868   0.05191    0.1928       167       640    0.2486    0.2177    0.1713   0.08601   0.05585    0.0655   0.04155
      3/99     10.1G   0.05891   0.07758   0.04557    0.1821       198       640    0.2763    0.2987    0.2353    0.1252   0.05276   0.06388   0.03592
      4/99     10.1G   0.05671   0.07616   0.04171    0.1746       225       640    0.2826    0.3521     0.281    0.1556   0.05101   0.06265   0.03275
      5/99     10.1G   0.05533   0.07546   0.03906    0.1698       144       640    0.3029    0.3884    0.3108    0.1746   0.04982   0.06187   0.03064
      6/99     10.1G   0.05433   0.07498   0.03722    0.1665       162       640     0.299    0.4056    0.3294    0.1865   0.04905   0.06138   0.02934
      7/99     10.1G   0.05367   0.07426    0.0359    0.1638       159       640    0.3093    0.4172    0.3426    0.1951   0.04854   0.06102   0.02847
      8/99     10.1G   0.05304   0.07377   0.03481    0.1616       180       640    0.3216     0.423    0.3525    0.2021   0.04815   0.06079   0.02791
      9/99     10.1G   0.05256   0.07351   0.03394      0.16       200       640    0.3332    0.4258     0.359    0.2075   0.04786   0.06062   0.02746
     10/99     10.1G   0.05216   0.07328   0.03322    0.1587       159       640    0.3437    0.4251    0.3651    0.2123   0.04761   0.06051   0.02709
     11/99     10.1G   0.05179   0.07305   0.03259    0.1574       132       640    0.3597    0.4254    0.3701    0.2164   0.04738   0.06047   0.02676
     12/99     10.1G   0.05147   0.07294   0.03218    0.1566       144       640    0.3758    0.4224     0.375    0.2205   0.04718   0.06048   0.02646
     13/99     10.1G   0.05117   0.07238   0.03168    0.1552       206       640    0.3921     0.419    0.3799     0.224   0.04698   0.06054   0.02616
     14/99     10.1G   0.05096    0.0723   0.03123    0.1545       194       640    0.4085    0.4173    0.3847    0.2278   0.04679   0.06062   0.02587
     15/99     10.1G   0.05071   0.07199   0.03084    0.1535       192       640    0.4233    0.4159    0.3894    0.2316    0.0466   0.06071   0.02557
     16/99     10.1G   0.05053   0.07214   0.03059    0.1533       185       640    0.4358    0.4167     0.395    0.2355   0.04641   0.06079   0.02525
     17/99     10.1G   0.05034   0.07181   0.03028    0.1524       270       640    0.4426    0.4175    0.4002    0.2396   0.04623   0.06081   0.02495
     18/99     10.1G   0.05014   0.07147   0.02995    0.1516       266       640    0.4486    0.4191    0.4049    0.2435   0.04603   0.06077   0.02461
     19/99     10.1G   0.04994   0.07139   0.02959    0.1509       204       640    0.4546    0.4225    0.4107    0.2475   0.04584   0.06068   0.02426
     20/99     10.1G    0.0498   0.07138    0.0294    0.1506       195       640    0.4605    0.4286    0.4159    0.2514   0.04565   0.06056   0.02395
     21/99     10.1G   0.04969   0.07122   0.02918    0.1501       141       640    0.4671    0.4348    0.4214    0.2554   0.04546    0.0604   0.02363
     22/99     10.1G   0.04944   0.07123   0.02892    0.1496       194       640    0.4698    0.4403    0.4268    0.2595   0.04527   0.06025   0.02332
     23/99     10.1G   0.04938   0.07108   0.02879    0.1493       168       640    0.4704     0.446    0.4317    0.2633   0.04508   0.06005   0.02303
     24/99     10.1G   0.04918    0.0708   0.02855    0.1485       230       640    0.4715    0.4525    0.4365    0.2672   0.04491   0.05982   0.02273
     25/99     10.1G   0.04906   0.07059   0.02825    0.1479       209       640    0.4698    0.4597    0.4414    0.2711   0.04473   0.05958   0.02246
     26/99     10.1G   0.04895   0.07072   0.02817    0.1478       240       640    0.4685    0.4673    0.4465    0.2742   0.04457   0.05938   0.02222
     27/99     10.1G   0.04885   0.07051     0.028    0.1474       222       640    0.4652    0.4725    0.4504    0.2768   0.04441   0.05917   0.02198
     28/99     10.1G   0.04873   0.07032   0.02789    0.1469       166       640    0.4633    0.4772    0.4536    0.2799   0.04425   0.05896   0.02174
     29/99     10.1G   0.04865   0.07056   0.02762    0.1468       204       640    0.4609     0.483    0.4571    0.2825    0.0441   0.05875   0.02152
     30/99     10.1G   0.04851   0.07004   0.02753    0.1461       128       640    0.4579    0.4899    0.4608    0.2853   0.04395   0.05854   0.02131
     31/99     10.1G   0.04842   0.07014   0.02739    0.1459       160       640    0.4548    0.4967    0.4641    0.2874   0.04382   0.05833   0.02111
     32/99     10.1G   0.04828   0.07007   0.02713    0.1455       120       640      0.45    0.5016     0.468    0.2903   0.04369   0.05813   0.02092
     33/99     10.1G   0.04812   0.06987   0.02702     0.145       196       640     0.448    0.5066    0.4711    0.2928   0.04356   0.05794   0.02074
     34/99     10.1G   0.04803   0.06978   0.02685    0.1447       177       640    0.4444    0.5125    0.4743    0.2952   0.04343   0.05776   0.02057
     35/99     10.1G   0.04796   0.06993   0.02671    0.1446       152       640    0.4425    0.5179    0.4773    0.2977   0.04332   0.05761    0.0204
     36/99     10.1G   0.04781   0.06979   0.02654    0.1441       169       640    0.4392    0.5215    0.4801    0.2998   0.04322   0.05747   0.02027
     37/99     10.1G   0.04772   0.06973   0.02636    0.1438       227       640    0.4382    0.5258    0.4825    0.3012   0.04312   0.05733   0.02013
     38/99     10.1G   0.04761   0.06977    0.0263    0.1437       179       640     0.435    0.5312    0.4849     0.303   0.04302   0.05719      0.02
     39/99     10.1G   0.04754   0.06955   0.02618    0.1433       102       640    0.4331    0.5363    0.4877    0.3049   0.04291   0.05706   0.01986
     40/99     10.1G   0.04742    0.0694   0.02607    0.1429       185       640    0.4301    0.5392    0.4893    0.3064   0.04282   0.05695   0.01973
     41/99     10.1G   0.04726   0.06925   0.02583    0.1423       204       640    0.4295    0.5423    0.4912     0.308   0.04272   0.05684   0.01961
     42/99     10.1G   0.04725   0.06931   0.02574    0.1423       194       640    0.4276    0.5448    0.4929    0.3098   0.04264   0.05673    0.0195
     43/99     10.1G   0.04704   0.06897   0.02558    0.1416       321       640    0.4261    0.5471     0.495    0.3113   0.04256   0.05662    0.0194
     44/99     10.1G   0.04699   0.06925   0.02541    0.1417       188       640    0.4237    0.5513     0.497    0.3128   0.04248   0.05651    0.0193
     45/99     10.1G   0.04689     0.069   0.02531    0.1412       207       640    0.4227    0.5549    0.4999    0.3146   0.04239   0.05642   0.01918
     46/99     10.1G   0.04678   0.06896    0.0252    0.1409       175       640    0.4214    0.5576    0.5022    0.3158   0.04232   0.05634   0.01906
     47/99     10.1G   0.04667   0.06905   0.02495    0.1407       173       640    0.4181    0.5599    0.5033    0.3169   0.04224   0.05624   0.01895
     48/99     10.1G   0.04657   0.06868   0.02493    0.1402       251       640    0.4176    0.5625    0.5049    0.3183   0.04217   0.05617   0.01885
     49/99     10.1G   0.04651   0.06863   0.02476    0.1399       176       640    0.4167    0.5648    0.5063    0.3195    0.0421   0.05609   0.01876
     50/99     10.1G    0.0464   0.06846   0.02469    0.1395       180       640    0.4159    0.5674    0.5083    0.3214   0.04204     0.056   0.01867
     51/99     10.1G    0.0463   0.06846   0.02458    0.1393       145       640    0.4153    0.5701    0.5102    0.3231   0.04197   0.05592   0.01858
     52/99     10.1G   0.04617   0.06806   0.02443    0.1387       150       640    0.4148    0.5721    0.5121    0.3244    0.0419   0.05585   0.01849
     53/99     10.1G   0.04605    0.0681   0.02425    0.1384       188       640    0.4143    0.5751    0.5137     0.326   0.04183   0.05577   0.01842
     54/99     10.1G   0.04602    0.0682   0.02409    0.1383       229       640    0.4131    0.5757    0.5142     0.327   0.04177   0.05571   0.01835
     55/99     10.1G   0.04586   0.06821    0.0241    0.1382       220       640    0.4115    0.5779     0.516    0.3281    0.0417   0.05565   0.01827
     56/99     10.1G   0.04573   0.06794   0.02375    0.1374       107       640    0.4116    0.5799    0.5175     0.329   0.04165   0.05558   0.01819
     57/99     10.1G   0.04568    0.0682   0.02378    0.1377       139       640    0.4108    0.5821    0.5193    0.3304   0.04159   0.05552   0.01811
     58/99     10.1G   0.04559   0.06801   0.02356    0.1372       254       640    0.4104    0.5845    0.5208    0.3313   0.04154   0.05546   0.01803
     59/99     10.1G   0.04552   0.06783   0.02351    0.1369       194       640    0.4232    0.5883    0.5228    0.3329   0.04149   0.05541   0.01796
     60/99     10.1G   0.04541   0.06768   0.02336    0.1365       184       640    0.4219    0.5887    0.5235    0.3338   0.04144   0.05536   0.01789
     61/99     10.1G   0.04532   0.06782    0.0232    0.1363       182       640    0.4221    0.5917    0.5251     0.335   0.04139   0.05531   0.01782
     62/99     10.1G   0.04514   0.06733   0.02302    0.1355       163       640    0.4212    0.5926    0.5263    0.3359   0.04134   0.05527   0.01776
     63/99     10.1G   0.04513   0.06747    0.0229    0.1355       190       640    0.4214    0.5937    0.5274    0.3366   0.04129   0.05523   0.01769
     64/99     10.1G   0.04498    0.0673   0.02279    0.1351       190       640    0.4206    0.5947    0.5289    0.3376   0.04123   0.05517   0.01761
     65/99     10.1G   0.04489   0.06721   0.02269    0.1348       221       640    0.4203    0.5962    0.5301    0.3389   0.04117   0.05512   0.01753
     66/99     10.1G   0.04477   0.06736   0.02252    0.1347       154       640    0.4203    0.5976    0.5317    0.3399   0.04112   0.05507   0.01745
     67/99     10.1G   0.04465   0.06741   0.02239    0.1345       221       640    0.4207    0.5983    0.5337     0.341   0.04108   0.05504   0.01738
     68/99     10.1G    0.0446   0.06705    0.0223     0.134       257       640     0.421    0.5992    0.5352     0.342   0.04102   0.05498    0.0173
     69/99     10.1G   0.04449   0.06681   0.02214    0.1334       182       640    0.4225    0.6019    0.5362     0.343   0.04097   0.05494   0.01722
     70/99     10.1G   0.04442   0.06689   0.02207    0.1334       208       640    0.4218    0.6024    0.5371    0.3441   0.04092    0.0549   0.01714
     71/99     10.1G   0.04429   0.06674   0.02192    0.1329       132       640    0.4217     0.604    0.5383    0.3444   0.04087   0.05487   0.01708
     72/99     10.1G   0.04425   0.06668   0.02183    0.1328       154       640    0.4235     0.605      0.54    0.3454   0.04083   0.05482   0.01702
     73/99     10.1G   0.04415   0.06652   0.02168    0.1324       209       640    0.4239     0.607    0.5408    0.3463   0.04079   0.05478   0.01695
     74/99     10.1G   0.04398   0.06661   0.02159    0.1322       191       640    0.4216    0.6064    0.5416    0.3472   0.04074   0.05474   0.01691
     75/99     10.1G   0.04394   0.06618   0.02144    0.1316       223       640     0.421    0.6077    0.5425    0.3479    0.0407   0.05471   0.01686
     76/99     10.1G   0.04385   0.06619   0.02125    0.1313       189       640    0.4211    0.6081    0.5435    0.3486   0.04065   0.05467   0.01679
     77/99     10.1G    0.0438   0.06629    0.0212    0.1313       143       640    0.4212     0.609    0.5445    0.3489   0.04062   0.05463   0.01674
     78/99     10.1G   0.04366   0.06624   0.02107     0.131       159       640    0.4206    0.6104    0.5455    0.3502   0.04057    0.0546   0.01667
     79/99     10.1G   0.04349   0.06585   0.02099    0.1303       262       640    0.4197     0.612    0.5474    0.3515   0.04052   0.05456   0.01661
     80/99     10.1G   0.04347    0.0661   0.02084    0.1304       159       640    0.4197    0.6133    0.5483    0.3524   0.04047   0.05452   0.01656
     81/99     10.1G   0.04339   0.06571   0.02075    0.1299       149       640    0.4193    0.6129    0.5488    0.3529   0.04043   0.05449    0.0165
     82/99     10.1G    0.0433   0.06562   0.02057    0.1295       155       640    0.4198    0.6147    0.5503    0.3537   0.04039   0.05447   0.01645
     83/99     10.1G   0.04322   0.06558    0.0205    0.1293       231       640    0.4182    0.6151    0.5504    0.3541   0.04036   0.05444   0.01642
     84/99     10.1G   0.04313   0.06558   0.02038    0.1291       171       640    0.4178    0.6151    0.5505     0.355   0.04031   0.05442   0.01638
     85/99     10.1G   0.04307   0.06546   0.02032    0.1288       202       640    0.4224    0.6179    0.5523    0.3558   0.04028    0.0544   0.01634
     86/99     10.1G     0.043   0.06526   0.02019    0.1284       220       640    0.4235    0.6186    0.5532    0.3565   0.04024   0.05436    0.0163
     87/99     10.1G   0.04295   0.06545   0.02009    0.1285       229       640    0.4186    0.6207     0.554    0.3571   0.04021   0.05434   0.01626
     88/99     10.1G   0.04283    0.0653   0.02001    0.1281       131       640    0.4157    0.6204    0.5549    0.3577   0.04019    0.0543   0.01623
     89/99     10.1G   0.04282   0.06519   0.01992    0.1279       184       640    0.4143    0.6198    0.5545    0.3578   0.04016   0.05427   0.01619
     90/99     10.1G   0.04275   0.06505   0.01992    0.1277       106       640    0.4144     0.621    0.5551    0.3583   0.04013   0.05425   0.01614
     91/99     10.1G   0.04268   0.06527   0.01981    0.1278       235       640    0.4132    0.6217    0.5549    0.3588    0.0401   0.05424    0.0161
     92/99     10.1G   0.04271   0.06514   0.01976    0.1276       181       640    0.4136    0.6226    0.5555    0.3591   0.04008   0.05422   0.01607
     93/99     10.1G   0.04261   0.06484   0.01965    0.1271       141       640    0.4133     0.623    0.5571      0.36   0.04005   0.05421   0.01603
     94/99     10.1G   0.04254   0.06498   0.01963    0.1272       213       640    0.4129    0.6243    0.5584     0.361   0.04003   0.05419     0.016
     95/99     10.1G   0.04255   0.06489    0.0196     0.127       157       640    0.4127    0.6241    0.5582    0.3611   0.04001   0.05418   0.01597
     96/99     10.1G   0.04249   0.06476   0.01957    0.1268       168       640    0.4117    0.6246    0.5595    0.3617   0.03999   0.05417   0.01594
     97/99     10.1G   0.04252   0.06487   0.01961     0.127       151       640    0.4108    0.6261    0.5607    0.3621   0.03997   0.05416   0.01592
     98/99     10.1G   0.04249   0.06494   0.01948    0.1269       238       640    0.4089    0.6269    0.5612     0.363   0.03995   0.05413   0.01588
     99/99     10.1G   0.04245   0.06476   0.01941    0.1266       207       640    0.4089    0.6282    0.5686    0.3763   0.03993   0.05411   0.01585
