      0/99     6.22G   0.08301   0.08237   0.07977    0.2452       203       640   0.03425    0.0172   0.01885  0.007274   0.06926   0.07079   0.06956
      1/99     7.62G   0.06657   0.08163   0.06362    0.2118       230       640    0.1876    0.1214   0.09683   0.04592   0.05999   0.06759   0.05131
      2/99     7.62G   0.06219   0.07893   0.05231    0.1934       205       640    0.2752    0.2216    0.1762   0.09122    0.0554    0.0651   0.04173
      3/99     7.62G   0.05898   0.07757   0.04576    0.1823       156       640    0.2771    0.3089     0.242    0.1314   0.05243    0.0634    0.0359
      4/99     7.62G   0.05667   0.07603   0.04176    0.1745       162       640    0.2973     0.363     0.287    0.1602   0.05071    0.0623   0.03272
      5/99     7.62G   0.05522   0.07518   0.03898    0.1694       247       640    0.2923    0.3919    0.3142    0.1771   0.04955   0.06152   0.03069
      6/99     7.62G   0.05424   0.07434   0.03723    0.1658       153       640    0.3153    0.4121    0.3343    0.1906   0.04879   0.06101   0.02936
      7/99     7.62G   0.05352   0.07403   0.03581    0.1634       206       640    0.3183    0.4209    0.3467    0.1994   0.04828   0.06061   0.02846
      8/99     7.62G   0.05292    0.0736   0.03474    0.1613       148       640    0.3255    0.4252    0.3555    0.2054   0.04791   0.06037   0.02787
      9/99     7.62G    0.0524   0.07326   0.03392    0.1596       146       640    0.3384    0.4277     0.362    0.2107   0.04763   0.06022   0.02743
     10/99     7.62G   0.05198   0.07279   0.03319     0.158       163       640    0.3549    0.4285     0.368    0.2152    0.0474   0.06015   0.02706
     11/99     7.62G   0.05159   0.07254   0.03252    0.1567       218       640    0.3698    0.4262    0.3733    0.2194    0.0472   0.06015   0.02674
     12/99     7.62G   0.05126   0.07225   0.03193    0.1554        97       640    0.3852    0.4223    0.3777    0.2229   0.04703   0.06021   0.02645
     13/99     7.62G   0.05105   0.07188   0.03157    0.1545       170       640    0.4028    0.4197    0.3817    0.2262   0.04686   0.06029   0.02619
     14/99     7.62G   0.05076     0.072   0.03121     0.154       292       640    0.4179    0.4168     0.386    0.2298   0.04668    0.0604   0.02593
     15/99     7.62G   0.05059    0.0718   0.03078    0.1532       189       640    0.4308    0.4152    0.3907     0.233   0.04651   0.06052   0.02567
     16/99     7.62G   0.05034   0.07149   0.03047    0.1523       196       640    0.4427    0.4152    0.3956    0.2365   0.04632   0.06061   0.02538
     17/99     7.62G   0.05016   0.07149   0.03015    0.1518       223       640    0.4514    0.4155    0.4005    0.2411   0.04614   0.06065   0.02507
     18/99     7.62G   0.04995   0.07132   0.02981    0.1511       233       640    0.4578    0.4187    0.4053    0.2445   0.04595   0.06064   0.02478
     19/99     7.62G   0.04976   0.07099   0.02951    0.1503       179       640    0.4633    0.4212    0.4104     0.248   0.04577   0.06062   0.02448
     20/99     7.62G   0.04964   0.07096   0.02923    0.1498       180       640    0.4694    0.4244    0.4155    0.2512   0.04558   0.06058   0.02418
     21/99     7.62G   0.04949   0.07078   0.02909    0.1494       200       640    0.4776    0.4274    0.4205    0.2555    0.0454    0.0605   0.02388
     22/99     7.62G   0.04931   0.07065   0.02886    0.1488       207       640    0.4802    0.4322    0.4254    0.2594    0.0452   0.06037   0.02358
     23/99     7.62G   0.04915   0.07062   0.02864    0.1484       152       640    0.4812    0.4372      0.43    0.2631   0.04501   0.06021   0.02328
     24/99     7.62G   0.04903   0.07074   0.02846    0.1482       189       640    0.4794     0.442     0.435    0.2673   0.04482   0.06002   0.02297
     25/99     7.62G   0.04886   0.07024   0.02822    0.1473       159       640    0.4825    0.4489    0.4399    0.2711   0.04464    0.0598   0.02267
     26/99     7.62G   0.04877   0.07021   0.02815    0.1471       132       640    0.4815    0.4552     0.445    0.2743   0.04445   0.05958    0.0224
     27/99     7.62G   0.04861   0.07033   0.02788    0.1468       236       640    0.4822    0.4627    0.4495    0.2781   0.04427   0.05936   0.02213
     28/99     7.62G   0.04851   0.07001   0.02774    0.1463       168       640    0.4818     0.468    0.4536    0.2816    0.0441   0.05915   0.02188
     29/99     7.62G   0.04838   0.06983   0.02757    0.1458       136       640    0.4782    0.4731    0.4573    0.2848   0.04393   0.05894   0.02164
     30/99     7.62G   0.04826   0.06995   0.02732    0.1455       224       640     0.474    0.4782    0.4611    0.2877   0.04377   0.05874   0.02141
     31/99     7.62G   0.04816   0.06964   0.02736    0.1452       185       640    0.4696     0.483    0.4653    0.2905   0.04363   0.05853   0.02121
     32/99     7.62G   0.04809   0.06972   0.02712    0.1449       174       640    0.4662    0.4895    0.4686    0.2933    0.0435   0.05832     0.021
     33/99     7.62G   0.04792   0.06972   0.02692    0.1446       156       640    0.4668    0.4949    0.4719    0.2953   0.04338   0.05814   0.02082
     34/99     7.62G   0.04784   0.06937   0.02681     0.144       146       640    0.4638    0.4984     0.475    0.2977   0.04325   0.05796   0.02062
     35/99     7.62G   0.04778   0.06979   0.02662    0.1442       206       640    0.4614    0.5032    0.4782    0.2998   0.04314   0.05778   0.02045
     36/99     7.62G   0.04763   0.06918   0.02651    0.1433       117       640    0.4573    0.5072    0.4815     0.302   0.04302    0.0576   0.02028
     37/99     7.62G   0.04757   0.06927   0.02635    0.1432       174       640    0.4554     0.512    0.4837     0.304   0.04291   0.05741   0.02011
     38/99     7.62G   0.04741   0.06912   0.02623    0.1428       256       640    0.4555    0.5165    0.4873    0.3061    0.0428   0.05727   0.01995
     39/99     7.62G   0.04733   0.06919   0.02599    0.1425       217       640    0.4529    0.5214    0.4898    0.3084    0.0427   0.05711   0.01979
     40/99     7.62G   0.04719   0.06875   0.02594    0.1419       205       640    0.4518    0.5266    0.4921    0.3099    0.0426   0.05696   0.01963
     41/99     7.62G    0.0471   0.06895   0.02585    0.1419       219       640    0.4489    0.5311     0.495    0.3121    0.0425   0.05681    0.0195
     42/99     7.62G   0.04698   0.06877   0.02563    0.1414       122       640    0.4478    0.5368    0.4979    0.3138   0.04241   0.05666   0.01936
     43/99     7.62G   0.04685   0.06874   0.02544     0.141       264       640    0.4454    0.5425    0.5002    0.3154   0.04232   0.05652   0.01923
     44/99     7.62G   0.04678   0.06862   0.02533    0.1407       189       640    0.4435    0.5454     0.503    0.3176   0.04224    0.0564   0.01911
     45/99     7.62G   0.04671   0.06866   0.02526    0.1406       184       640    0.4415    0.5471     0.505    0.3195   0.04214   0.05629   0.01899
     46/99     7.62G    0.0466   0.06843   0.02518    0.1402       179       640    0.4393    0.5513     0.507    0.3215   0.04206   0.05619   0.01888
     47/99     7.62G   0.04646   0.06823   0.02502    0.1397       144       640    0.4377    0.5541    0.5092    0.3231   0.04197   0.05609   0.01877
     48/99     7.62G   0.04638   0.06838   0.02481    0.1396       193       640    0.4348     0.557     0.511    0.3248   0.04189   0.05599   0.01867
     49/99     7.62G   0.04624   0.06814   0.02469    0.1391       146       640    0.4323    0.5595    0.5121    0.3263   0.04182   0.05591   0.01858
     50/99     7.62G    0.0462   0.06813   0.02454    0.1389       217       640    0.4316    0.5626    0.5139    0.3276   0.04175   0.05582   0.01849
     51/99     7.62G   0.04605   0.06802    0.0244    0.1385       162       640    0.4313    0.5646    0.5152    0.3288   0.04167   0.05573   0.01839
     52/99     7.62G   0.04592   0.06769    0.0243    0.1379       252       640      0.43    0.5674    0.5168      0.33    0.0416   0.05565   0.01829
     53/99     7.62G   0.04592    0.0677   0.02417    0.1378       184       640    0.4287    0.5691    0.5188    0.3315   0.04152   0.05557   0.01819
     54/99     7.62G   0.04576   0.06801   0.02402    0.1378       224       640    0.4296     0.572    0.5222    0.3342   0.04145   0.05549    0.0181
     55/99     7.62G   0.04565   0.06772   0.02388    0.1372       171       640    0.4292    0.5752    0.5238    0.3357   0.04139   0.05542   0.01801
     56/99     7.62G   0.04553   0.06745   0.02374    0.1367       206       640    0.4291    0.5781    0.5255    0.3369   0.04132   0.05535   0.01792
     57/99     7.62G   0.04544   0.06739   0.02365    0.1365       191       640    0.4274    0.5789    0.5264    0.3376   0.04126   0.05529   0.01784
     58/99     7.62G   0.04532    0.0674    0.0236    0.1363       153       640    0.4262    0.5806     0.528    0.3391   0.04119   0.05523   0.01776
     59/99     7.62G   0.04527   0.06735   0.02336     0.136       147       640    0.4266    0.5825    0.5303    0.3409   0.04113   0.05516   0.01768
     60/99     7.62G   0.04512   0.06682   0.02327    0.1352       208       640    0.4258    0.5849     0.532    0.3423   0.04107    0.0551    0.0176
     61/99     7.62G   0.04505   0.06716   0.02307    0.1353       183       640    0.4257    0.5876    0.5339    0.3429   0.04101   0.05504   0.01753
     62/99     7.62G    0.0449   0.06682   0.02295    0.1347       159       640    0.4243    0.5896    0.5349    0.3441   0.04096   0.05498   0.01746
     63/99     7.62G   0.04484   0.06704   0.02287    0.1348       181       640    0.4233    0.5914    0.5367    0.3452    0.0409   0.05491   0.01738
     64/99     7.62G   0.04471   0.06677   0.02264    0.1341       212       640    0.4227    0.5928    0.5382    0.3462   0.04084   0.05484   0.01731
     65/99     7.62G   0.04466   0.06665   0.02259    0.1339       199       640    0.4216    0.5953    0.5396     0.347   0.04079   0.05478   0.01724
     66/99     7.62G    0.0445   0.06652   0.02234    0.1334       192       640    0.4218    0.5971    0.5413    0.3481   0.04074   0.05472   0.01717
     67/99     7.62G   0.04444    0.0665   0.02221    0.1331       243       640    0.4226    0.5993    0.5424    0.3495   0.04069   0.05466   0.01709
     68/99     7.62G   0.04436   0.06649   0.02216     0.133       137       640    0.4355    0.6025    0.5439     0.351   0.04064   0.05461   0.01701
     69/99     7.62G   0.04419   0.06628   0.02202    0.1325       174       640    0.4367    0.6045    0.5458    0.3522   0.04058   0.05456   0.01696
     70/99     7.62G   0.04414    0.0663   0.02192    0.1324       228       640    0.4361    0.6049    0.5469    0.3524   0.04052   0.05451    0.0169
     71/99     7.62G   0.04398   0.06605   0.02169    0.1317       137       640    0.4243    0.6061    0.5475    0.3529   0.04048   0.05447   0.01685
     72/99     7.62G   0.04389     0.066   0.02166    0.1315       190       640    0.4362    0.6098    0.5492    0.3543   0.04043   0.05443    0.0168
     73/99     7.62G   0.04385   0.06595   0.02155    0.1314       205       640     0.435      0.61    0.5508    0.3553   0.04039    0.0544   0.01676
     74/99     7.62G    0.0437    0.0659   0.02133    0.1309       236       640    0.4343    0.6127    0.5514    0.3563   0.04035   0.05437   0.01671
     75/99     7.62G   0.04365   0.06596   0.02123    0.1308       197       640    0.4326    0.6131    0.5523    0.3569   0.04031   0.05434   0.01666
     76/99     7.62G   0.04352   0.06573   0.02112    0.1304       171       640     0.429    0.6133    0.5532    0.3581   0.04027    0.0543    0.0166
     77/99     7.62G   0.04344   0.06576   0.02093    0.1301       195       640    0.4277    0.6146    0.5545     0.359   0.04023   0.05427   0.01654
     78/99     7.62G   0.04332   0.06553   0.02089    0.1297       245       640    0.4253    0.6157    0.5554    0.3596   0.04018   0.05423   0.01648
     79/99     7.62G   0.04322   0.06526   0.02075    0.1292       135       640     0.425    0.6176    0.5562    0.3602   0.04014   0.05418   0.01643
     80/99     7.62G   0.04313   0.06549    0.0206    0.1292       170       640    0.4257    0.6179    0.5573    0.3608    0.0401   0.05414   0.01638
     81/99     7.62G   0.04308   0.06524   0.02051    0.1288       200       640    0.4258    0.6203    0.5587    0.3616   0.04006   0.05411   0.01633
     82/99     7.62G   0.04304   0.06512   0.02041    0.1286       117       640    0.4266    0.6215    0.5595    0.3631   0.04002   0.05408   0.01629
     83/99     7.62G   0.04292   0.06516   0.02032    0.1284       142       640    0.4284    0.6237    0.5607    0.3636   0.03998   0.05403   0.01624
     84/99     7.62G   0.04285    0.0651   0.02017    0.1281       203       640    0.4282    0.6257    0.5614    0.3643   0.03995   0.05399    0.0162
     85/99     7.62G   0.04274   0.06493    0.0201    0.1278       154       640    0.4295    0.6285    0.5624    0.3651   0.03991   0.05395   0.01616
     86/99     7.62G   0.04271   0.06496   0.01998    0.1276       177       640     0.428    0.6298    0.5631    0.3658   0.03987   0.05393   0.01611
     87/99     7.62G   0.04259    0.0646    0.0199    0.1271       171       640    0.4278    0.6301    0.5637     0.366   0.03984   0.05389   0.01606
     88/99     7.62G   0.04261   0.06491   0.01984    0.1274       186       640    0.4277    0.6306    0.5648    0.3669    0.0398   0.05386   0.01602
     89/99     7.62G   0.04247   0.06453   0.01974    0.1267       265       640    0.4287     0.632    0.5658    0.3676   0.03977   0.05382   0.01599
     90/99     7.62G   0.04243   0.06439    0.0197    0.1265       175       640     0.428    0.6325    0.5664    0.3685   0.03974   0.05378   0.01594
     91/99     7.62G   0.04236   0.06452   0.01956    0.1264       166       640    0.4286    0.6355    0.5678    0.3688   0.03971   0.05374    0.0159
     92/99     7.62G   0.04232   0.06448   0.01952    0.1263       135       640    0.4281    0.6363    0.5685    0.3697   0.03968   0.05371   0.01586
     93/99     7.62G   0.04223    0.0643   0.01941    0.1259       193       640    0.4275    0.6368     0.569    0.3701   0.03965   0.05369   0.01582
     94/99     7.62G   0.04228    0.0645   0.01937    0.1261       148       640    0.4268    0.6375    0.5693    0.3704   0.03962   0.05366    0.0158
     95/99     7.62G   0.04214   0.06431   0.01929    0.1257       178       640     0.427    0.6381    0.5696     0.371    0.0396   0.05363   0.01579
     96/99     7.62G   0.04207   0.06393   0.01927    0.1253       242       640    0.4248    0.6354    0.5695     0.371   0.03958    0.0536   0.01577
     97/99     7.62G   0.04219   0.06433   0.01925    0.1258       164       640     0.424     0.636    0.5699    0.3716   0.03956    0.0536   0.01574
     98/99     7.62G   0.04209   0.06399   0.01922    0.1253       130       640    0.4237    0.6371    0.5699    0.3721   0.03953   0.05359   0.01572
     99/99     7.62G   0.04213   0.06425    0.0192    0.1256       150       640     0.423    0.6364     0.577    0.3849   0.03951   0.05359   0.01571
