      0/99     6.74G    0.0836    0.0828   0.07988    0.2463       206       640   0.04493   0.01288   0.01691  0.006355   0.07079    0.0719   0.07075
      1/99     7.84G   0.06806   0.08279   0.06498    0.2158       238       640    0.1796    0.1131   0.08719   0.04075   0.06199   0.06877   0.05363
      2/99     7.84G   0.06369   0.08046    0.0542    0.1984       201       640    0.2459    0.2131    0.1631   0.08407   0.05716   0.06646    0.0436
      3/99     7.84G   0.06024    0.0785   0.04767    0.1864       189       640    0.2733    0.2903     0.224    0.1235   0.05402   0.06476   0.03802
      4/99     7.84G   0.05779   0.07743   0.04345    0.1787       213       640    0.2747     0.337    0.2627    0.1483   0.05219   0.06357   0.03494
      5/99     7.84G   0.05614   0.07624   0.04075    0.1731       140       640    0.2805    0.3616    0.2858    0.1643   0.05104   0.06289   0.03312
      6/99     7.84G   0.05496   0.07584   0.03879    0.1696       198       640    0.2914    0.3745    0.3008    0.1749   0.05029   0.06245     0.032
      7/99     7.84G    0.0541   0.07499    0.0373    0.1664       169       640    0.3202    0.3804    0.3113    0.1824   0.04975   0.06217   0.03127
      8/99     7.84G   0.05336   0.07447   0.03622    0.1641       166       640    0.3368     0.381    0.3185    0.1884   0.04936   0.06204   0.03075
      9/99     7.84G   0.05281   0.07402   0.03536    0.1622       155       640    0.3497     0.378    0.3243    0.1928   0.04902   0.06201   0.03034
     10/99     7.84G   0.05228   0.07367   0.03449    0.1604       272       640    0.3642    0.3753    0.3293    0.1968    0.0487   0.06207   0.02999
     11/99     7.84G   0.05189   0.07319   0.03389     0.159       151       640    0.3811    0.3726    0.3344    0.2006   0.04841   0.06221   0.02967
     12/99     7.84G   0.05151   0.07313    0.0332    0.1578       215       640    0.3977      0.37    0.3392    0.2049   0.04813   0.06238   0.02934
     13/99     7.84G   0.05114    0.0727   0.03277    0.1566       204       640    0.4173    0.3678    0.3439    0.2084   0.04786   0.06257     0.029
     14/99     7.84G    0.0508   0.07246    0.0323    0.1556       165       640    0.4287    0.3671    0.3494    0.2128   0.04757    0.0627    0.0286
     15/99     7.84G   0.05062   0.07225   0.03195    0.1548       175       640    0.4359    0.3689    0.3557    0.2171   0.04726   0.06275   0.02817
     16/99     7.84G   0.05031   0.07195    0.0316    0.1539       148       640    0.4423    0.3721    0.3624    0.2219   0.04695   0.06273    0.0277
     17/99     7.84G   0.05005   0.07194   0.03122    0.1532       218       640    0.4553    0.3761    0.3692    0.2271   0.04665   0.06265   0.02726
     18/99     7.84G   0.04983   0.07169   0.03091    0.1524       202       640    0.4612    0.3846    0.3763    0.2324   0.04633   0.06245   0.02681
     19/99     7.84G   0.04964   0.07154   0.03077    0.1519       202       640    0.4629    0.3932    0.3836    0.2381     0.046   0.06215   0.02635
     20/99     7.84G   0.04945   0.07136   0.03037    0.1512       269       640    0.4582    0.4012     0.391    0.2438   0.04568    0.0618   0.02589
     21/99     7.84G   0.04933   0.07131   0.03008    0.1507       233       640    0.4616    0.4099    0.3985    0.2496   0.04537   0.06143   0.02544
     22/99     7.84G   0.04916   0.07121   0.02989    0.1503       192       640    0.4577      0.42     0.406     0.255   0.04507   0.06101     0.025
     23/99     7.84G   0.04897   0.07083   0.02964    0.1494       147       640    0.4557    0.4302    0.4134    0.2607   0.04478   0.06063   0.02459
     24/99     7.84G   0.04876   0.07065   0.02943    0.1488       237       640    0.4536    0.4406    0.4207    0.2662   0.04449   0.06022   0.02418
     25/99     7.84G   0.04867   0.07084   0.02936    0.1489       176       640    0.4512    0.4483    0.4273    0.2712   0.04422   0.05984    0.0238
     26/99     7.84G   0.04849   0.07048   0.02914    0.1481       185       640    0.4462    0.4586    0.4327    0.2755   0.04398   0.05946   0.02345
     27/99     7.84G   0.04842   0.07049   0.02889    0.1478       226       640    0.4426    0.4674    0.4384    0.2794   0.04375   0.05913   0.02313
     28/99     7.84G   0.04825   0.07019   0.02868    0.1471       149       640     0.442    0.4767    0.4444    0.2836   0.04354   0.05883   0.02284
     29/99     7.84G   0.04818   0.07033   0.02853     0.147       168       640    0.4391    0.4847      0.45    0.2874   0.04333   0.05853   0.02255
     30/99     7.84G   0.04802    0.0703   0.02836    0.1467       208       640    0.4493    0.4942    0.4555    0.2912   0.04314   0.05824   0.02226
     31/99     7.84G   0.04786   0.06993   0.02818     0.146       199       640    0.4333    0.4999    0.4598    0.2945   0.04297   0.05799   0.02202
     32/99     7.84G   0.04775   0.07008   0.02799    0.1458       150       640    0.4312    0.5058     0.464    0.2975    0.0428   0.05775    0.0218
     33/99     7.84G   0.04759   0.06989   0.02782    0.1453       206       640    0.4388    0.5117    0.4688    0.3009   0.04264   0.05752   0.02157
     34/99     7.84G   0.04745    0.0695   0.02771    0.1447       126       640    0.4254    0.5178    0.4722    0.3038   0.04249   0.05729   0.02135
     35/99     7.84G   0.04738   0.06957   0.02753    0.1445       251       640    0.4227    0.5224    0.4754    0.3063   0.04236   0.05709   0.02115
     36/99     7.84G   0.04733   0.06976   0.02731    0.1444       142       640    0.4225    0.5277    0.4795    0.3096   0.04222   0.05693   0.02096
     37/99     7.84G   0.04716   0.06957   0.02723     0.144       251       640    0.4315    0.5329    0.4826    0.3123   0.04208   0.05676   0.02078
     38/99     7.84G   0.04701   0.06939   0.02695    0.1434       198       640    0.4307    0.5374    0.4862    0.3152   0.04195   0.05659   0.02061
     39/99     7.84G   0.04692   0.06912   0.02699     0.143       166       640    0.4156    0.5397    0.4883    0.3166   0.04184   0.05645   0.02046
     40/99     7.84G   0.04681   0.06939   0.02677     0.143       168       640    0.4129    0.5431    0.4906    0.3187   0.04173   0.05632   0.02032
     41/99     7.84G   0.04666   0.06896   0.02667    0.1423       144       640    0.4121    0.5465    0.4932    0.3208   0.04162   0.05619   0.02018
     42/99     7.84G   0.04659   0.06916   0.02652    0.1423       126       640    0.4114    0.5498    0.4958    0.3224   0.04151   0.05608   0.02006
     43/99     7.84G   0.04647   0.06896    0.0264    0.1418       211       640    0.4091     0.553    0.4976    0.3239   0.04142   0.05596   0.01992
     44/99     7.84G   0.04639   0.06877   0.02624    0.1414       171       640    0.4095    0.5577    0.5002    0.3257   0.04131   0.05585    0.0198
     45/99     7.84G   0.04633   0.06891   0.02616    0.1414       238       640     0.421    0.5628    0.5032    0.3275   0.04121   0.05574   0.01967
     46/99     7.84G    0.0461   0.06869   0.02592    0.1407        98       640    0.4215    0.5669    0.5054    0.3296   0.04112   0.05563   0.01954
     47/99     7.84G   0.04606   0.06848   0.02586    0.1404       175       640    0.4206    0.5703    0.5078    0.3312   0.04103   0.05553    0.0194
     48/99     7.84G   0.04596    0.0686    0.0256    0.1402       190       640    0.4202    0.5734    0.5106    0.3329   0.04094   0.05545   0.01927
     49/99     7.84G   0.04581   0.06849   0.02552    0.1398       195       640    0.4178    0.5747    0.5123    0.3344   0.04086   0.05537   0.01916
     50/99     7.84G   0.04567   0.06829   0.02537    0.1393       221       640    0.4164     0.578    0.5138    0.3358   0.04079   0.05529   0.01906
     51/99     7.84G   0.04558   0.06811   0.02522    0.1389       154       640    0.4147    0.5801    0.5152     0.337   0.04071   0.05521   0.01897
     52/99     7.84G   0.04553   0.06811   0.02513    0.1388       137       640    0.4147    0.5832    0.5166    0.3385   0.04063   0.05512   0.01886
     53/99     7.84G   0.04546   0.06821   0.02483    0.1385       174       640    0.4129    0.5846    0.5184    0.3396   0.04057   0.05504   0.01876
     54/99     7.84G   0.04533   0.06819   0.02476    0.1383       221       640    0.4137    0.5877    0.5204    0.3415   0.04051   0.05497   0.01867
     55/99     7.84G   0.04521    0.0679   0.02474    0.1379       195       640    0.4118    0.5885    0.5221    0.3426   0.04044    0.0549   0.01859
     56/99     7.84G   0.04503   0.06773   0.02455    0.1373       238       640    0.4107    0.5913    0.5233    0.3438   0.04037   0.05484    0.0185
     57/99     7.84G   0.04498   0.06772   0.02436    0.1371       247       640      0.41    0.5931    0.5255    0.3454    0.0403   0.05479   0.01839
     58/99     7.84G   0.04487    0.0675   0.02433    0.1367       204       640    0.4091    0.5948    0.5269    0.3463   0.04024   0.05474   0.01831
     59/99     7.84G    0.0447   0.06723   0.02404     0.136       154       640    0.4087    0.5983    0.5292    0.3478   0.04017   0.05469   0.01822
     60/99     7.84G   0.04459   0.06739   0.02394    0.1359       195       640    0.4083    0.5996    0.5307    0.3491   0.04011   0.05465   0.01814
     61/99     7.84G   0.04454   0.06757    0.0238    0.1359       114       640    0.4096    0.6006     0.532    0.3501   0.04006   0.05459   0.01803
     62/99     7.84G   0.04446   0.06713   0.02367    0.1353       187       640    0.4097    0.6032    0.5337    0.3513      0.04   0.05455   0.01795
     63/99     7.84G   0.04436   0.06721   0.02363    0.1352       189       640    0.4098    0.6055    0.5353    0.3523   0.03995    0.0545   0.01787
     64/99     7.84G   0.04418   0.06701   0.02342    0.1346       238       640    0.4098    0.6066    0.5366    0.3537    0.0399   0.05445   0.01779
     65/99     7.84G   0.04412   0.06698   0.02325    0.1343       234       640    0.4094    0.6083    0.5384    0.3555   0.03984   0.05439   0.01771
     66/99     7.84G   0.04402   0.06691   0.02313    0.1341       295       640    0.4079    0.6102    0.5401    0.3568   0.03979   0.05434   0.01764
     67/99     7.84G   0.04387   0.06663   0.02297    0.1335       214       640    0.4066    0.6103    0.5417    0.3586   0.03974   0.05428   0.01755
     68/99     7.84G    0.0438   0.06663   0.02291    0.1333       142       640    0.4057    0.6113     0.543    0.3596   0.03969   0.05424   0.01748
     69/99     7.84G   0.04367   0.06635    0.0227    0.1327       208       640    0.4062    0.6118    0.5439    0.3607   0.03963   0.05419   0.01741
     70/99     7.84G   0.04354   0.06635   0.02257    0.1325       176       640    0.4102     0.614    0.5451    0.3617   0.03958   0.05416   0.01733
     71/99     7.84G    0.0434   0.06645   0.02251    0.1324       183       640    0.4112     0.615    0.5467    0.3627   0.03952   0.05412   0.01726
     72/99     7.84G   0.04338   0.06668   0.02231    0.1324       227       640    0.4097    0.6155    0.5476    0.3637   0.03946   0.05407    0.0172
     73/99     7.84G   0.04329   0.06625   0.02219    0.1317       209       640     0.409    0.6173    0.5488    0.3646    0.0394   0.05402   0.01713
     74/99     7.84G   0.04315   0.06601    0.0221    0.1313       179       640    0.4104    0.6195    0.5505    0.3661   0.03935   0.05398   0.01706
     75/99     7.84G   0.04305   0.06589   0.02182    0.1308       149       640    0.4108    0.6212    0.5518    0.3671    0.0393   0.05393   0.01699
     76/99     7.84G   0.04294   0.06596   0.02183    0.1307       268       640    0.4069    0.6211    0.5525    0.3675   0.03925   0.05388   0.01693
     77/99     7.84G   0.04282   0.06567   0.02171    0.1302       176       640    0.4065    0.6231    0.5536    0.3683   0.03921   0.05384   0.01687
     78/99     7.84G   0.04275   0.06555   0.02157    0.1299       123       640    0.4062    0.6245    0.5546    0.3698   0.03915   0.05379   0.01679
     79/99     7.84G   0.04269   0.06574   0.02139    0.1298       184       640    0.4054    0.6248    0.5554    0.3707   0.03911   0.05376   0.01672
     80/99     7.84G   0.04262   0.06551   0.02134    0.1295       181       640    0.4034    0.6247    0.5561    0.3712   0.03907   0.05373   0.01667
     81/99     7.84G   0.04251   0.06545   0.02113    0.1291       113       640    0.4096    0.6264    0.5578    0.3729   0.03901    0.0537   0.01661
     82/99     7.84G   0.04239   0.06524   0.02107    0.1287       167       640      0.41    0.6283    0.5589    0.3736   0.03897   0.05367   0.01657
     83/99     7.84G   0.04234   0.06531   0.02095    0.1286       161       640    0.4109    0.6294    0.5597     0.374   0.03893   0.05364   0.01653
     84/99     7.84G   0.04223   0.06511   0.02082    0.1282       185       640    0.4125    0.6317    0.5609    0.3753   0.03889    0.0536   0.01649
     85/99     7.84G   0.04212   0.06501   0.02075    0.1279       174       640     0.411    0.6322    0.5615    0.3761   0.03886   0.05357   0.01644
     86/99     7.84G   0.04207    0.0648   0.02067    0.1275       151       640    0.4117    0.6325    0.5627    0.3771   0.03882   0.05354   0.01639
     87/99     7.84G   0.04196   0.06494   0.02057    0.1275       134       640    0.4116    0.6332     0.563    0.3777   0.03878    0.0535   0.01634
     88/99     7.84G   0.04196    0.0648   0.02051    0.1273       188       640    0.4121    0.6353    0.5644    0.3785   0.03875   0.05345   0.01629
     89/99     7.84G   0.04188   0.06489   0.02031    0.1271       233       640    0.4074    0.6352    0.5652    0.3793   0.03872   0.05342   0.01624
     90/99     7.84G   0.04185   0.06468   0.02028    0.1268       185       640     0.406    0.6365     0.566    0.3799   0.03869    0.0534   0.01621
     91/99     7.84G   0.04176   0.06461   0.02023    0.1266       165       640     0.405    0.6358    0.5662    0.3803   0.03867   0.05335   0.01616
     92/99     7.84G   0.04169   0.06466   0.02012    0.1265       147       640    0.4054    0.6379    0.5673    0.3814   0.03863   0.05332   0.01611
     93/99     7.84G   0.04164   0.06453   0.02002    0.1262       199       640    0.4059    0.6381    0.5676    0.3815    0.0386   0.05329   0.01605
     94/99     7.84G   0.04159   0.06446   0.02003    0.1261       254       640    0.4047    0.6376    0.5676    0.3818   0.03856   0.05327   0.01601
     95/99     7.84G   0.04152   0.06437    0.0199    0.1258       151       640    0.4042    0.6394     0.568    0.3824   0.03853   0.05324   0.01599
     96/99     7.84G   0.04154   0.06429   0.01993    0.1258       182       640    0.4041    0.6403    0.5691    0.3827    0.0385   0.05321   0.01597
     97/99     7.84G   0.04151   0.06428   0.01981    0.1256       156       640    0.4049    0.6419    0.5699    0.3831   0.03848    0.0532   0.01595
     98/99     7.84G   0.04146   0.06434   0.01977    0.1256       118       640    0.4042    0.6419    0.5707    0.3835   0.03846   0.05318   0.01591
     99/99     7.84G   0.04145    0.0643   0.01979    0.1255       209       640    0.4045    0.6435    0.5787    0.3968   0.03844   0.05316   0.01587
