     0/149     9.71G    0.0776   0.08231     0.076    0.2359       109       640     0.131   0.04715   0.04111   0.01795   0.06403    0.0695   0.06062
     1/149     10.6G   0.06232   0.07902     0.055    0.1963        95       640    0.2552    0.2221     0.174   0.08948   0.05448   0.06465   0.04187
     2/149     10.6G   0.05728   0.07644   0.04439    0.1781       113       640    0.2845     0.355    0.2773     0.155   0.04967   0.06188   0.03335
     3/149     10.6G   0.05386    0.0743   0.03834    0.1665        78       640    0.3005    0.4401    0.3535    0.2083   0.04646   0.05989   0.02806
     4/149     10.6G   0.05137   0.07305   0.03434    0.1588       108       640    0.3265    0.4793    0.3972    0.2409   0.04465   0.05851   0.02524
     5/149     10.6G   0.04979   0.07171   0.03199    0.1535        96       640    0.3372    0.5068    0.4233    0.2609   0.04359   0.05772   0.02376
     6/149     10.6G   0.04866   0.07088   0.03024    0.1498        92       640    0.3461    0.5211    0.4396    0.2741    0.0429   0.05719   0.02286
     7/149     10.6G    0.0479   0.07029    0.0289    0.1471        48       640    0.3545    0.5279    0.4496    0.2824   0.04242   0.05683   0.02224
     8/149     10.6G   0.04725   0.06945   0.02805    0.1447        45       640    0.3683    0.5319    0.4588    0.2896   0.04204   0.05655   0.02175
     9/149     10.6G   0.04678   0.06923   0.02727    0.1433        57       640    0.3798    0.5327    0.4666     0.296   0.04172   0.05633   0.02131
    10/149     10.6G   0.04635   0.06859   0.02667    0.1416        96       640     0.396    0.5338    0.4738    0.3019   0.04142   0.05615   0.02089
    11/149     10.6G   0.04589   0.06804   0.02601    0.1399        70       640    0.4155    0.5346    0.4808    0.3078   0.04114   0.05601   0.02049
    12/149     10.6G   0.04551   0.06813   0.02561    0.1392        77       640    0.4305     0.536    0.4878    0.3136   0.04087   0.05588   0.02009
    13/149     10.6G   0.04518   0.06767   0.02502    0.1379       139       640    0.4397    0.5384    0.4947     0.319   0.04058   0.05576   0.01971
    14/149     10.6G   0.04503   0.06752   0.02477    0.1373       100       640    0.4484     0.543    0.5017    0.3242    0.0403   0.05561   0.01932
    15/149     10.6G   0.04473   0.06756   0.02432    0.1366        41       640    0.4574    0.5489    0.5085    0.3299   0.04002   0.05544   0.01895
    16/149     10.6G   0.04452   0.06719   0.02412    0.1358       101       640    0.4612    0.5536    0.5156    0.3354   0.03975   0.05524   0.01858
    17/149     10.6G   0.04431   0.06696   0.02387    0.1351        55       640     0.465      0.56    0.5224    0.3407   0.03949   0.05504   0.01824
    18/149     10.6G   0.04413   0.06669   0.02356    0.1344        99       640     0.467    0.5661    0.5291    0.3458   0.03924   0.05481   0.01792
    19/149     10.6G   0.04393   0.06651   0.02323    0.1337       132       640    0.4684    0.5738    0.5353    0.3506     0.039    0.0546   0.01762
    20/149     10.6G   0.04381   0.06623   0.02315    0.1332       105       640     0.469    0.5812    0.5415    0.3551   0.03877   0.05436   0.01734
    21/149     10.6G   0.04367   0.06634   0.02297     0.133       136       640    0.4656    0.5876    0.5462    0.3596   0.03854   0.05412   0.01709
    22/149     10.6G   0.04345   0.06601   0.02267    0.1321        53       640    0.4763    0.5961    0.5522    0.3645   0.03834    0.0539   0.01685
    23/149     10.6G   0.04338   0.06568   0.02259    0.1316        46       640    0.4725    0.6031    0.5565    0.3688   0.03815   0.05365   0.01662
    24/149     10.6G   0.04321   0.06574   0.02237    0.1313        72       640    0.4721    0.6098    0.5606    0.3723   0.03797   0.05346   0.01642
    25/149     10.6G   0.04313   0.06583   0.02208     0.131       109       640    0.4702     0.615     0.565    0.3757   0.03781   0.05326   0.01624
    26/149     10.6G   0.04303   0.06546     0.022    0.1305        69       640    0.4676    0.6206    0.5692     0.379   0.03766   0.05308   0.01607
    27/149     10.6G   0.04289   0.06552   0.02191    0.1303        67       640    0.4655    0.6254    0.5723    0.3821   0.03752   0.05291    0.0159
    28/149     10.6G   0.04275   0.06515   0.02172    0.1296        64       640    0.4643    0.6299    0.5753    0.3849   0.03739   0.05278   0.01574
    29/149     10.6G   0.04268   0.06506    0.0215    0.1292        71       640    0.4636    0.6343    0.5782    0.3873   0.03727   0.05264    0.0156
    30/149     10.6G   0.04256   0.06509   0.02148    0.1291       121       640    0.4611    0.6382    0.5809    0.3893   0.03715   0.05252   0.01547
    31/149     10.6G   0.04247   0.06505   0.02127    0.1288       134       640    0.4588    0.6423    0.5838    0.3913   0.03704   0.05242   0.01535
    32/149     10.6G    0.0423   0.06478   0.02111    0.1282        63       640    0.4572    0.6456    0.5863    0.3933   0.03693   0.05231   0.01524
    33/149     10.6G    0.0423   0.06527   0.02103    0.1286       100       640    0.4547    0.6483    0.5889    0.3953   0.03685   0.05224   0.01512
    34/149     10.6G    0.0422   0.06486   0.02094     0.128        81       640    0.4534    0.6503    0.5906    0.3972   0.03676   0.05216     0.015
    35/149     10.6G   0.04218   0.06508   0.02083    0.1281        62       640     0.452    0.6523    0.5926     0.399   0.03667   0.05209    0.0149
    36/149     10.6G   0.04195   0.06442   0.02076    0.1271        68       640    0.4523    0.6548    0.5944     0.401   0.03659   0.05202   0.01479
    37/149     10.6G   0.04198   0.06469   0.02053    0.1272        61       640    0.4523    0.6564    0.5959    0.4023   0.03651   0.05195    0.0147
    38/149     10.6G   0.04183    0.0647   0.02054    0.1271        98       640    0.4523    0.6579    0.5978    0.4042   0.03644   0.05188   0.01461
    39/149     10.6G   0.04184   0.06426   0.02046    0.1265        90       640    0.4513    0.6601    0.5989    0.4054   0.03636   0.05182   0.01454
    40/149     10.6G   0.04176   0.06424   0.02036    0.1264       109       640    0.4511    0.6618    0.6006    0.4068    0.0363   0.05176   0.01447
    41/149     10.6G   0.04171   0.06422   0.02021    0.1261        66       640    0.4498    0.6625    0.6015    0.4078   0.03624   0.05171    0.0144
    42/149     10.6G   0.04152   0.06433   0.02003    0.1259        92       640     0.449    0.6626    0.6031    0.4091   0.03618   0.05165   0.01433
    43/149     10.6G   0.04146   0.06418   0.02003    0.1257       108       640    0.4475    0.6637    0.6049    0.4103   0.03612   0.05159   0.01427
    44/149     10.6G    0.0414   0.06436   0.01993    0.1257       139       640    0.4488    0.6665    0.6063    0.4109   0.03605   0.05154   0.01421
    45/149     10.6G   0.04134   0.06413   0.01986    0.1253        59       640    0.4494    0.6692    0.6071    0.4118     0.036    0.0515   0.01416
    46/149     10.6G   0.04118    0.0637   0.01975    0.1246        89       640    0.4483    0.6727    0.6086    0.4126   0.03595   0.05145   0.01411
    47/149     10.6G   0.04114   0.06382   0.01963    0.1246        68       640     0.447    0.6749    0.6099     0.414    0.0359   0.05141   0.01406
    48/149     10.6G    0.0411   0.06366    0.0196    0.1244        59       640    0.4438    0.6762    0.6104    0.4152   0.03586   0.05137   0.01401
    49/149     10.6G   0.04097    0.0637    0.0194    0.1241        82       640    0.4436    0.6774    0.6117    0.4157   0.03581   0.05133   0.01396
    50/149     10.6G   0.04094    0.0635   0.01944    0.1239       122       640    0.4424    0.6793    0.6128    0.4172   0.03577   0.05129    0.0139
    51/149     10.6G   0.04088    0.0636   0.01925    0.1237       134       640    0.4397    0.6794     0.614    0.4182   0.03572   0.05125   0.01383
    52/112     10.1G    0.0418   0.06406   0.02013     0.126       123       640    0.3874    0.6037    0.5244    0.3227   0.04096    0.0553    0.0186
