      0/99     5.93G   0.08405   0.08234   0.07958     0.246       139       640   0.09748   0.01238   0.01783  0.006472   0.07248   0.07158   0.07068
      1/99     10.3G   0.06771    0.0816   0.06348    0.2128       246       640    0.1805    0.1198   0.09269   0.04226   0.06152    0.0678   0.05154
      2/99     10.3G   0.06296     0.079   0.05213    0.1941       151       640    0.2831    0.2149    0.1725   0.08931   0.05658   0.06544   0.04186
      3/99     10.3G   0.05939   0.07732   0.04568    0.1824       184       640    0.2762    0.3072    0.2415    0.1322   0.05307   0.06348   0.03598
      4/99     10.3G   0.05702   0.07612   0.04156    0.1747       197       640    0.2884    0.3613    0.2891     0.164   0.05101   0.06215   0.03251
      5/99     10.3G   0.05556   0.07525   0.03898    0.1698       193       640    0.2971    0.3944    0.3187    0.1846   0.04972   0.06131   0.03053
      6/99     10.3G    0.0545    0.0746   0.03706    0.1662       202       640    0.3059    0.4101    0.3366    0.1987   0.04891   0.06075   0.02918
      7/99     10.3G   0.05376   0.07419   0.03576    0.1637       158       640    0.3142    0.4224    0.3499    0.2076   0.04835   0.06037   0.02831
      8/99     10.3G   0.05311   0.07345   0.03463    0.1612       158       640    0.3275    0.4287    0.3586    0.2141   0.04797   0.06011   0.02775
      9/99     10.3G    0.0526   0.07311   0.03374    0.1594       175       640    0.3372    0.4313    0.3655     0.219   0.04768   0.05993    0.0273
     10/99     10.3G   0.05218   0.07267   0.03306    0.1579       192       640    0.3475    0.4325    0.3721    0.2234   0.04745   0.05982   0.02692
     11/99     10.3G   0.05179   0.07265   0.03241    0.1569       202       640    0.3602    0.4323    0.3777    0.2272   0.04726   0.05979   0.02658
     12/99     10.3G   0.05144   0.07203   0.03191    0.1554       180       640    0.3755    0.4295    0.3821    0.2305   0.04709   0.05982   0.02626
     13/99     10.3G   0.05121   0.07212   0.03141    0.1547       231       640    0.3958    0.4284    0.3866    0.2338   0.04694   0.05989   0.02596
     14/99     10.3G   0.05096   0.07187   0.03114     0.154       171       640    0.4092    0.4265    0.3912    0.2369   0.04679   0.05999   0.02568
     15/99     10.3G   0.05068   0.07169   0.03064     0.153       114       640    0.4222    0.4256    0.3955    0.2399   0.04663   0.06006   0.02536
     16/99     10.3G    0.0505   0.07143   0.03028    0.1522       131       640    0.4325    0.4251       0.4    0.2435   0.04646   0.06014   0.02506
     17/99     10.3G   0.05025   0.07124   0.03007    0.1516       232       640    0.4443    0.4263    0.4052    0.2468   0.04628   0.06015   0.02476
     18/99     10.3G   0.05002   0.07105   0.02966    0.1507       168       640    0.4525     0.428    0.4097    0.2503   0.04608   0.06014   0.02445
     19/99     10.3G   0.04991   0.07094    0.0295    0.1504       161       640    0.4609    0.4312    0.4141    0.2539   0.04589   0.06007   0.02413
     20/99     10.3G   0.04975   0.07089   0.02923    0.1499       247       640     0.464    0.4358    0.4195    0.2577   0.04569   0.05996   0.02381
     21/99     10.3G   0.04958    0.0706    0.0291    0.1493       170       640    0.4669    0.4397    0.4245    0.2615   0.04549   0.05983    0.0235
     22/99     10.3G   0.04942   0.07054   0.02879    0.1487       119       640    0.4687    0.4439    0.4296    0.2652   0.04528   0.05969    0.0232
     23/99     10.3G   0.04931    0.0703   0.02862    0.1482       185       640    0.4718    0.4506    0.4349    0.2688   0.04508   0.05951   0.02291
     24/99     10.3G   0.04917   0.07015   0.02843    0.1477       196       640     0.474    0.4562      0.44    0.2725   0.04488   0.05929   0.02263
     25/99     10.3G     0.049   0.07023   0.02816    0.1474       204       640    0.4721    0.4615    0.4445    0.2763   0.04468   0.05908   0.02238
     26/99     10.3G   0.04891   0.07017   0.02801    0.1471       179       640     0.472    0.4661    0.4481    0.2797    0.0445   0.05887   0.02214
     27/99     10.3G    0.0487   0.06996   0.02795    0.1466       239       640    0.4719    0.4728    0.4529    0.2832   0.04431   0.05863   0.02191
     28/99     10.3G   0.04863   0.06985   0.02781    0.1463       194       640    0.4715     0.479     0.457     0.286   0.04413   0.05841   0.02168
     29/99     10.3G   0.04849    0.0695   0.02753    0.1455       180       640    0.4693    0.4841    0.4609    0.2892   0.04396    0.0582   0.02148
     30/99     10.3G   0.04839   0.06981   0.02735    0.1456       230       640    0.4682      0.49     0.465    0.2924   0.04379   0.05801   0.02129
     31/99     10.3G    0.0483   0.06956   0.02721    0.1451       205       640    0.4644    0.4946    0.4687    0.2953   0.04363   0.05778   0.02109
     32/99     10.3G   0.04821   0.06959   0.02704    0.1448       162       640    0.4614    0.4989    0.4718    0.2978   0.04348    0.0576   0.02091
     33/99     10.3G   0.04802   0.06936     0.027    0.1444       212       640    0.4622    0.5055    0.4751    0.3005   0.04335   0.05741   0.02072
     34/99     10.3G   0.04797   0.06947   0.02684    0.1443       224       640    0.4598    0.5085    0.4773    0.3026   0.04321   0.05721   0.02055
     35/99     10.3G   0.04789   0.06925    0.0266    0.1437       207       640    0.4575    0.5128    0.4801    0.3049   0.04308   0.05705   0.02039
     36/99     10.3G   0.04775   0.06945    0.0265    0.1437       160       640    0.4541    0.5185    0.4836    0.3076   0.04296   0.05687   0.02023
     37/99     10.3G    0.0476   0.06913   0.02634    0.1431       146       640      0.45    0.5218    0.4866    0.3101   0.04283   0.05672   0.02008
     38/99     10.3G   0.04751   0.06905   0.02617    0.1427       186       640     0.448    0.5266    0.4896     0.312   0.04271   0.05658   0.01993
     39/99     10.3G   0.04745   0.06893   0.02606    0.1424       180       640    0.4487    0.5304    0.4924    0.3138    0.0426   0.05646   0.01978
     40/99     10.3G   0.04737   0.06886   0.02598    0.1422       257       640    0.4457    0.5349    0.4951    0.3155    0.0425   0.05631   0.01966
     41/99     10.3G   0.04721   0.06878   0.02584    0.1418       220       640    0.4436    0.5389    0.4968    0.3173    0.0424   0.05617   0.01954
     42/99     10.3G   0.04711   0.06873   0.02571    0.1415       164       640    0.4414    0.5415    0.4988    0.3191    0.0423   0.05603   0.01941
     43/99     10.3G     0.047   0.06854   0.02549     0.141       160       640    0.4403    0.5442    0.5007    0.3202   0.04221   0.05593   0.01928
     44/99     10.3G   0.04691    0.0686   0.02538    0.1409       172       640    0.4384    0.5473    0.5027    0.3223   0.04212   0.05581   0.01916
     45/99     10.3G   0.04677   0.06836   0.02523    0.1404       207       640    0.4373    0.5499    0.5049    0.3241   0.04203   0.05572   0.01906
     46/99     10.3G    0.0467   0.06829   0.02518    0.1402       131       640    0.4346    0.5534    0.5064    0.3254   0.04195   0.05564   0.01896
     47/99     10.3G   0.04661   0.06813   0.02506    0.1398       129       640     0.432    0.5556    0.5079    0.3267   0.04188   0.05556   0.01887
     48/99     10.3G   0.04643   0.06785   0.02482    0.1391       173       640    0.4328     0.559    0.5098     0.328    0.0418   0.05548   0.01878
     49/99     10.3G   0.04637   0.06811   0.02472    0.1392       192       640    0.4324    0.5608    0.5124    0.3297   0.04173    0.0554   0.01868
     50/99     10.3G    0.0463   0.06809   0.02447    0.1389       189       640    0.4322    0.5642     0.514    0.3307   0.04165   0.05531   0.01859
     51/99     10.3G   0.04618   0.06795   0.02453    0.1387       147       640    0.4438    0.5679    0.5164    0.3327   0.04158   0.05525   0.01851
     52/99     10.3G   0.04605   0.06773   0.02434    0.1381       148       640     0.445     0.571    0.5185    0.3341   0.04149   0.05517   0.01842
     53/99     10.3G   0.04595    0.0676   0.02417    0.1377       163       640    0.4439    0.5736    0.5205    0.3355   0.04141   0.05509   0.01833
     54/99     10.3G   0.04587    0.0675   0.02401    0.1374       157       640    0.4429     0.576    0.5221    0.3368   0.04134   0.05503   0.01826
     55/99     10.3G    0.0458   0.06757    0.0239    0.1373       139       640     0.442    0.5778     0.524    0.3384   0.04127   0.05495   0.01815
     56/99     10.3G    0.0457   0.06746   0.02371    0.1369       181       640    0.4401     0.579    0.5253    0.3396   0.04121   0.05487   0.01805
     57/99     10.3G   0.04559   0.06756    0.0237    0.1368       234       640     0.439    0.5815    0.5267    0.3406   0.04115   0.05481   0.01798
     58/99     10.3G   0.04543   0.06708   0.02346     0.136       182       640    0.4381    0.5839    0.5281     0.342   0.04109   0.05475   0.01789
     59/99     10.3G   0.04537   0.06713   0.02343    0.1359       202       640    0.4393    0.5867    0.5286    0.3434   0.04103    0.0547   0.01782
     60/99     10.3G   0.04522   0.06713   0.02331    0.1357       249       640    0.4377    0.5887    0.5304    0.3444   0.04097   0.05465   0.01774
     61/99     10.3G   0.04512    0.0671   0.02311    0.1353       148       640    0.4369      0.59     0.532    0.3461   0.04091   0.05459   0.01767
     62/99     10.3G   0.04502   0.06691   0.02296    0.1349       202       640    0.4379     0.593    0.5334     0.347   0.04087   0.05453   0.01762
     63/99     10.3G   0.04497   0.06704   0.02282    0.1348       228       640    0.4372    0.5939    0.5342    0.3477   0.04081   0.05448   0.01756
     64/99     10.3G   0.04486   0.06672   0.02281    0.1344       242       640    0.4371    0.5952    0.5357    0.3485   0.04076   0.05442   0.01749
     65/99     10.3G   0.04471   0.06658   0.02256    0.1339       226       640    0.4355    0.5956    0.5366    0.3494   0.04072   0.05438   0.01742
     66/99     10.3G   0.04461   0.06664   0.02241    0.1337       181       640    0.4353    0.5976     0.538    0.3503   0.04067   0.05433   0.01736
     67/99     10.3G   0.04456   0.06651   0.02228    0.1333       198       640    0.4355    0.5984    0.5391     0.351   0.04062   0.05429   0.01728
     68/99     10.3G   0.04441   0.06627    0.0222    0.1329       197       640    0.4345    0.5996    0.5401    0.3518   0.04057   0.05425   0.01719
     69/99     10.3G   0.04431   0.06622    0.0221    0.1326       157       640    0.4331    0.6016    0.5414    0.3525   0.04052   0.05421   0.01711
     70/99     10.3G   0.04427   0.06601   0.02197    0.1322       127       640    0.4316    0.6024    0.5425    0.3536   0.04048   0.05416   0.01705
     71/99     10.3G   0.04413   0.06617   0.02185    0.1322       245       640     0.432    0.6036    0.5438    0.3547   0.04043    0.0541   0.01699
     72/99     10.3G   0.04406   0.06622   0.02175     0.132       194       640    0.4303    0.6043    0.5447     0.356   0.04038   0.05405   0.01694
     73/99     10.3G   0.04396   0.06613   0.02154    0.1316       138       640    0.4304    0.6066    0.5458    0.3568   0.04033   0.05401   0.01689
     74/99     10.3G   0.04379   0.06578   0.02148     0.131       154       640    0.4301    0.6081    0.5466    0.3574   0.04028   0.05397   0.01684
     75/99     10.3G   0.04372   0.06575   0.02139    0.1309       176       640    0.4314     0.609    0.5473    0.3582   0.04022   0.05392   0.01678
     76/99     10.3G   0.04364   0.06559   0.02117    0.1304       127       640    0.4324    0.6105    0.5488     0.359   0.04017   0.05388   0.01673
     77/99     10.3G   0.04357   0.06569   0.02108    0.1303       168       640    0.4335    0.6113    0.5499    0.3602   0.04013   0.05384   0.01668
     78/99     10.3G   0.04348   0.06559   0.02093      0.13       142       640    0.4328    0.6116    0.5511    0.3609   0.04009   0.05381   0.01663
     79/99     10.3G   0.04338   0.06542   0.02087    0.1297       197       640     0.431    0.6122    0.5522    0.3619   0.04005   0.05377   0.01658
     80/99     10.3G   0.04322   0.06501   0.02075     0.129       176       640    0.4319    0.6142     0.554    0.3631      0.04   0.05374   0.01654
     81/99     10.3G   0.04319   0.06513   0.02059    0.1289       142       640    0.4326    0.6155    0.5547    0.3637   0.03996   0.05371    0.0165
     82/99     10.3G   0.04313   0.06496   0.02047    0.1286       177       640    0.4325    0.6158    0.5555    0.3645   0.03992   0.05367   0.01647
     83/99     10.3G   0.04294   0.06492   0.02037    0.1282       153       640    0.4332    0.6173    0.5563    0.3651   0.03989   0.05364   0.01644
     84/99     10.3G   0.04295   0.06484   0.02027    0.1281       247       640    0.4323    0.6182     0.557     0.366   0.03985   0.05361    0.0164
     85/99     10.3G   0.04295   0.06506   0.02018    0.1282       181       640    0.4333    0.6195    0.5581    0.3664   0.03982   0.05358   0.01636
     86/99     10.3G   0.04286   0.06496   0.02008    0.1279       206       640    0.4318    0.6209    0.5595    0.3678   0.03979   0.05357   0.01631
     87/99     10.3G   0.04279   0.06491   0.02002    0.1277       184       640    0.4314    0.6216    0.5603    0.3681   0.03975   0.05354   0.01624
     88/99     10.3G   0.04266   0.06461   0.01997    0.1272       201       640    0.4306     0.623    0.5608    0.3686   0.03972    0.0535   0.01619
     89/99     10.3G    0.0426   0.06472   0.01979    0.1271       156       640    0.4304    0.6232    0.5612    0.3692   0.03968   0.05347   0.01614
     90/99     10.3G   0.04254   0.06452   0.01973    0.1268       175       640    0.4302    0.6242    0.5618    0.3696   0.03965   0.05344   0.01608
     91/99     10.3G   0.04244   0.06444   0.01971    0.1266       157       640    0.4298    0.6237    0.5627    0.3701   0.03961   0.05342   0.01604
     92/99     10.3G   0.04242   0.06437    0.0197    0.1265       143       640    0.4304    0.6238     0.563    0.3704   0.03959    0.0534   0.01602
     93/99     10.3G   0.04244   0.06442   0.01957    0.1264       194       640    0.4311    0.6245    0.5633     0.371   0.03957   0.05338   0.01599
     94/99     10.3G   0.04238   0.06438   0.01955    0.1263       146       640    0.4326     0.627    0.5646     0.372   0.03955   0.05337   0.01595
     95/99     10.3G   0.04236   0.06428   0.01953    0.1262       207       640    0.4324    0.6284    0.5653    0.3726   0.03953   0.05335   0.01592
     96/99     10.3G   0.04223   0.06417    0.0194    0.1258       175       640    0.4311    0.6293    0.5658    0.3734    0.0395   0.05334    0.0159
     97/99     10.3G   0.04228   0.06425    0.0194    0.1259       169       640    0.4305    0.6301    0.5661    0.3743   0.03948   0.05331   0.01588
     98/99     10.3G   0.04225   0.06423   0.01936    0.1258       209       640    0.4315    0.6297    0.5669    0.3746   0.03946    0.0533   0.01587
     99/99     10.3G   0.04221   0.06409   0.01936    0.1257       157       640    0.4315    0.6308     0.574     0.387   0.03943   0.05329   0.01585
