      0/99     3.72G   0.08438   0.08201   0.07949    0.2459       126       640   0.05337   0.01225   0.01642  0.005927   0.07332   0.07142    0.0701
      1/99     10.2G   0.06761   0.08145   0.06311    0.2122       219       640    0.2155    0.1193   0.09224   0.04286   0.06122   0.06768   0.05151
      2/99     10.2G   0.06254   0.07887   0.05168    0.1931       144       640    0.2568    0.2363    0.1789   0.09166   0.05596   0.06528   0.04133
      3/99     10.2G   0.05904   0.07734   0.04504    0.1814       206       640    0.2744    0.3233    0.2496    0.1374   0.05256   0.06335   0.03543
      4/99     10.2G   0.05669   0.07581   0.04088    0.1734       152       640    0.2843    0.3785    0.2955    0.1678   0.05067   0.06211     0.032
      5/99     10.2G   0.05532   0.07499   0.03824    0.1685       180       640    0.2834    0.4064    0.3228    0.1875   0.04947   0.06126   0.03006
      6/99     10.2G   0.05415   0.07434   0.03647     0.165       196       640    0.2907    0.4268    0.3446    0.2029   0.04862   0.06069   0.02868
      7/99     10.2G   0.05334    0.0739   0.03506    0.1623       161       640    0.2986    0.4374    0.3553    0.2108   0.04811   0.06028   0.02787
      8/99     10.2G   0.05273   0.07323   0.03409    0.1601       192       640    0.3059    0.4426    0.3638     0.217   0.04776      0.06   0.02732
      9/99     10.2G   0.05223   0.07295   0.03317    0.1583       193       640    0.3167     0.445    0.3706     0.222   0.04749   0.05979   0.02691
     10/99     10.2G   0.05186   0.07281    0.0325    0.1572       225       640    0.3262    0.4442     0.376    0.2261   0.04727   0.05963   0.02655
     11/99     10.2G   0.05148   0.07236   0.03193    0.1558       198       640    0.3412    0.4447    0.3812      0.23   0.04707   0.05952   0.02624
     12/99     10.2G   0.05113   0.07215    0.0314    0.1547       220       640    0.3548    0.4424    0.3862     0.234   0.04687   0.05948   0.02592
     13/99     10.2G   0.05089   0.07209   0.03102     0.154       240       640    0.3894    0.4433    0.3923    0.2382   0.04669   0.05946   0.02562
     14/99     10.2G   0.05062   0.07184   0.03061    0.1531       122       640    0.3897    0.4408    0.3966    0.2412   0.04652   0.05947   0.02532
     15/99     10.2G   0.05047   0.07181   0.03009    0.1524       167       640    0.4028    0.4393    0.4009     0.244   0.04636   0.05949   0.02502
     16/99     10.2G   0.05011   0.07113   0.02994    0.1512       130       640    0.4146    0.4395    0.4054    0.2473   0.04618   0.05949   0.02473
     17/99     10.2G   0.04995   0.07119   0.02961    0.1507       110       640    0.4226    0.4403    0.4095    0.2506     0.046   0.05946   0.02444
     18/99     10.2G   0.04982   0.07113    0.0293    0.1503       270       640    0.4294    0.4419    0.4143    0.2541   0.04581    0.0594   0.02414
     19/99     10.2G   0.04959   0.07073   0.02912    0.1494       161       640     0.434    0.4452    0.4195    0.2577   0.04562   0.05933   0.02384
     20/99     10.2G   0.04937    0.0706   0.02881    0.1488       155       640    0.4386    0.4495    0.4241    0.2616    0.0454    0.0592   0.02354
     21/99     10.2G   0.04923   0.07042   0.02865    0.1483       148       640    0.4426    0.4556    0.4296    0.2655    0.0452   0.05904   0.02326
     22/99     10.2G    0.0491   0.07041   0.02849     0.148       216       640    0.4435    0.4606    0.4342    0.2694   0.04499   0.05885   0.02298
     23/99     10.2G   0.04899   0.07058   0.02818    0.1477       173       640    0.4431    0.4661    0.4393    0.2728   0.04478   0.05865   0.02269
     24/99     10.2G   0.04889   0.07008   0.02802     0.147       218       640    0.4407    0.4713    0.4437    0.2762   0.04459   0.05843   0.02241
     25/99     10.2G   0.04875   0.06999   0.02784    0.1466       186       640    0.4417    0.4786    0.4488      0.28   0.04439    0.0582   0.02216
     26/99     10.2G   0.04864    0.0699   0.02764    0.1462       199       640    0.4393    0.4832    0.4529     0.283   0.04422   0.05797   0.02191
     27/99     10.2G   0.04847   0.06992   0.02747    0.1459       216       640    0.4393    0.4901     0.457    0.2862   0.04404   0.05776   0.02168
     28/99     10.2G   0.04834   0.06993   0.02731    0.1456       189       640    0.4379    0.4969    0.4611    0.2891   0.04387   0.05754   0.02145
     29/99     10.2G   0.04818   0.06968   0.02712     0.145       153       640    0.4344    0.5026    0.4648    0.2917    0.0437   0.05735   0.02124
     30/99     10.2G   0.04811   0.06956     0.027    0.1447       167       640    0.4332    0.5084    0.4684    0.2942   0.04355   0.05718   0.02104
     31/99     10.2G   0.04799   0.06942    0.0268    0.1442       110       640    0.4305    0.5124    0.4715    0.2965   0.04339     0.057   0.02084
     32/99     10.2G   0.04785   0.06922   0.02671    0.1438       202       640     0.429    0.5169    0.4746    0.2986   0.04325   0.05684   0.02065
     33/99     10.2G   0.04782   0.06935   0.02656    0.1437       165       640    0.4261    0.5214    0.4777    0.3015   0.04311   0.05666   0.02047
     34/99     10.2G    0.0477   0.06934   0.02642    0.1435       225       640    0.4236    0.5264    0.4803    0.3035   0.04298   0.05651   0.02031
     35/99     10.2G   0.04759   0.06927   0.02619     0.143       203       640     0.421    0.5315    0.4835    0.3057   0.04287   0.05637   0.02016
     36/99     10.2G   0.04742     0.069   0.02621    0.1426       218       640    0.4186    0.5367     0.486    0.3084   0.04275   0.05625   0.02002
     37/99     10.2G   0.04736   0.06893   0.02599    0.1423       180       640    0.4156     0.541    0.4888    0.3104   0.04263   0.05614   0.01988
     38/99     10.2G    0.0472    0.0688   0.02583    0.1418       211       640    0.4134    0.5457    0.4914    0.3125   0.04252   0.05606   0.01976
     39/99     10.2G    0.0472   0.06882   0.02571    0.1417       181       640    0.4105     0.547    0.4931    0.3141   0.04243   0.05597   0.01963
     40/99     10.2G   0.04706   0.06869   0.02557    0.1413       169       640    0.4102    0.5506    0.4953    0.3161   0.04234   0.05588   0.01952
     41/99     10.2G   0.04692    0.0684   0.02542    0.1407       241       640    0.4099    0.5539    0.4981     0.318   0.04224    0.0558   0.01942
     42/99     10.2G   0.04682   0.06856   0.02534    0.1407       225       640    0.4078    0.5566    0.4995    0.3191   0.04215   0.05572   0.01932
     43/99     10.2G   0.04671   0.06861   0.02514    0.1405       182       640    0.4062    0.5605    0.5019    0.3212   0.04207   0.05564    0.0192
     44/99     10.2G   0.04666   0.06825   0.02514      0.14       156       640    0.4059    0.5629    0.5035    0.3222   0.04198   0.05556    0.0191
     45/99     10.2G   0.04658   0.06841   0.02492    0.1399       193       640    0.4056    0.5649    0.5053    0.3235    0.0419    0.0555   0.01899
     46/99     10.2G   0.04651   0.06822   0.02485    0.1396       196       640     0.406    0.5678    0.5061    0.3249   0.04183   0.05544    0.0189
     47/99     10.2G   0.04635   0.06824   0.02459    0.1392       318       640    0.4034    0.5701    0.5081    0.3266   0.04175   0.05537   0.01882
     48/99     10.2G    0.0463   0.06818   0.02462    0.1391       182       640    0.4005    0.5712    0.5091    0.3276   0.04167    0.0553   0.01872
     49/99     10.2G   0.04613   0.06794   0.02445    0.1385       156       640    0.4007     0.575    0.5114    0.3294    0.0416   0.05524   0.01863
     50/99     10.2G   0.04606   0.06787   0.02434    0.1383       200       640    0.3996    0.5767    0.5132    0.3304   0.04153   0.05517   0.01855
     51/99     10.2G   0.04591   0.06772   0.02418    0.1378       217       640    0.3994    0.5798    0.5155    0.3319   0.04146   0.05512   0.01846
     52/99     10.2G   0.04588   0.06797   0.02401    0.1379       202       640    0.3981    0.5811     0.517    0.3333    0.0414   0.05507    0.0184
     53/99     10.2G   0.04575   0.06765    0.0239    0.1373       187       640    0.3969    0.5818    0.5183    0.3344   0.04134   0.05502   0.01833
     54/99     10.2G   0.04568   0.06743   0.02375    0.1369       178       640    0.3968    0.5845      0.52    0.3356   0.04128   0.05497   0.01825
     55/99     10.2G   0.04554    0.0675   0.02363    0.1367       185       640    0.3974    0.5873    0.5221    0.3373   0.04121   0.05493   0.01816
     56/99     10.2G   0.04544    0.0672   0.02352    0.1362       232       640      0.41    0.5912    0.5241    0.3388   0.04115   0.05489   0.01808
     57/99     10.2G   0.04535   0.06712   0.02343    0.1359       184       640    0.4101    0.5931    0.5259    0.3401   0.04109   0.05484   0.01801
     58/99     10.2G   0.04524   0.06716   0.02318    0.1356       172       640     0.409    0.5933    0.5275    0.3415   0.04103    0.0548   0.01794
     59/99     10.2G   0.04513   0.06725   0.02307    0.1355       150       640    0.4091    0.5962    0.5291    0.3432   0.04097   0.05476   0.01788
     60/99     10.2G   0.04502   0.06713   0.02299    0.1352       230       640    0.4077     0.597    0.5301    0.3442   0.04092   0.05472    0.0178
     61/99     10.2G   0.04495   0.06716   0.02281    0.1349       154       640     0.407    0.5982     0.532    0.3453   0.04086   0.05468   0.01772
     62/99     10.2G   0.04486   0.06697   0.02274    0.1346       179       640    0.4076    0.5996    0.5329    0.3462   0.04081   0.05463   0.01766
     63/99     10.2G   0.04474   0.06658   0.02258    0.1339        98       640    0.4074    0.6008    0.5344     0.347   0.04075   0.05459    0.0176
     64/99     10.2G   0.04468   0.06685   0.02249     0.134       178       640    0.4073    0.6029    0.5352    0.3477    0.0407   0.05455   0.01754
     65/99     10.2G   0.04455    0.0664   0.02246    0.1334       206       640    0.4077    0.6057    0.5364    0.3484   0.04064    0.0545   0.01748
     66/99     10.2G   0.04448   0.06644   0.02231    0.1332       128       640    0.4078    0.6075    0.5376    0.3496   0.04058   0.05445   0.01742
     67/99     10.2G    0.0443   0.06621   0.02215    0.1327       191       640    0.4078    0.6084    0.5385    0.3501   0.04052   0.05441   0.01736
     68/99     10.2G   0.04424   0.06622   0.02197    0.1324       165       640    0.4081    0.6101    0.5402    0.3512   0.04046   0.05436    0.0173
     69/99     10.2G   0.04413   0.06618   0.02184    0.1321       172       640    0.4072    0.6105    0.5414     0.352   0.04041   0.05432   0.01726
     70/99     10.2G   0.04408   0.06596   0.02174    0.1318       193       640    0.4076    0.6117    0.5419     0.353   0.04037    0.0543    0.0172
     71/99     10.2G   0.04395   0.06628   0.02149    0.1317       171       640    0.4067    0.6138    0.5431    0.3539   0.04032   0.05426   0.01714
     72/99     10.2G   0.04388   0.06609   0.02151    0.1315       199       640     0.408    0.6155    0.5445    0.3549   0.04028   0.05423   0.01708
     73/99     10.2G    0.0437   0.06568   0.02137    0.1308       125       640    0.4064     0.616    0.5452    0.3562   0.04023    0.0542   0.01701
     74/99     10.2G   0.04369   0.06588   0.02126    0.1308       174       640    0.4077     0.617    0.5464     0.357   0.04019   0.05417   0.01696
     75/99     10.2G   0.04354   0.06561   0.02112    0.1303       175       640    0.4071    0.6177    0.5476     0.358   0.04015   0.05413   0.01689
     76/99     10.2G   0.04347   0.06557   0.02105    0.1301       191       640    0.4073    0.6181    0.5482    0.3579    0.0401    0.0541   0.01683
     77/99     10.2G   0.04337   0.06538   0.02088    0.1296       175       640    0.4063     0.619    0.5485    0.3583   0.04007   0.05408   0.01678
     78/99     10.2G   0.04331   0.06546   0.02076    0.1295       173       640    0.4066    0.6206    0.5493    0.3591   0.04003   0.05405   0.01673
     79/99     10.2G    0.0432   0.06541   0.02074    0.1294       216       640    0.4075    0.6214    0.5506    0.3601   0.03999   0.05403   0.01669
     80/99     10.2G   0.04318   0.06532   0.02058    0.1291       229       640    0.4076     0.623    0.5516    0.3605   0.03996   0.05399   0.01665
     81/99     10.2G   0.04307   0.06516    0.0205    0.1287       167       640    0.4079    0.6235    0.5525    0.3613   0.03993   0.05396   0.01662
     82/99     10.2G   0.04295    0.0653   0.02031    0.1286       154       640     0.404     0.624     0.552    0.3612   0.03989   0.05393   0.01658
     83/99     10.2G   0.04292   0.06491    0.0203    0.1281       152       640    0.4086    0.6258    0.5532    0.3621   0.03987    0.0539   0.01654
     84/99     10.2G   0.04282   0.06498   0.02022     0.128       177       640    0.4081    0.6251    0.5541    0.3629   0.03984   0.05387   0.01651
     85/99     10.2G   0.04273   0.06485   0.02008    0.1277       190       640    0.4092     0.626    0.5554    0.3636    0.0398   0.05384   0.01648
     86/99     10.2G   0.04264   0.06487   0.01997    0.1275       152       640    0.4088    0.6273    0.5556    0.3642   0.03976   0.05382   0.01642
     87/99     10.2G   0.04255   0.06474   0.01989    0.1272       149       640    0.4093    0.6277    0.5557    0.3652   0.03973    0.0538   0.01638
     88/99     10.2G   0.04256   0.06493    0.0198    0.1273       156       640    0.4077    0.6278     0.556    0.3655   0.03971   0.05377   0.01635
     89/99     10.2G   0.04243   0.06457   0.01974    0.1267       137       640    0.4063    0.6288    0.5562    0.3653   0.03968   0.05375   0.01632
     90/99     10.2G   0.04244   0.06472   0.01967    0.1268       232       640    0.4035     0.629    0.5567    0.3659   0.03967   0.05374   0.01628
     91/99     10.2G   0.04238   0.06463   0.01964    0.1266       136       640    0.4028    0.6305    0.5573    0.3662   0.03964   0.05371   0.01625
     92/99     10.2G   0.04226   0.06427   0.01945     0.126       166       640    0.4015    0.6297    0.5579     0.367   0.03962   0.05369   0.01623
     93/99     10.2G   0.04223    0.0644   0.01944    0.1261       201       640    0.4023      0.63    0.5582    0.3673    0.0396   0.05367    0.0162
     94/99     10.2G   0.04219   0.06419   0.01938    0.1258       111       640    0.4021    0.6309    0.5591    0.3675   0.03958   0.05366   0.01618
     95/99     10.2G   0.04218   0.06426   0.01939    0.1258       227       640    0.4015    0.6313    0.5595    0.3683   0.03956   0.05365   0.01616
     96/99     10.2G   0.04216   0.06426   0.01932    0.1257       146       640    0.3999    0.6316    0.5601    0.3691   0.03954   0.05365   0.01615
     97/99     10.2G   0.04214    0.0644   0.01931    0.1259       271       640    0.3991    0.6319    0.5604    0.3694   0.03951   0.05363   0.01612
     98/99     10.2G   0.04207    0.0641   0.01928    0.1254       157       640    0.3981    0.6332    0.5612    0.3703   0.03949   0.05361    0.0161
     99/99     10.2G    0.0421   0.06417   0.01922    0.1255       181       640    0.3962    0.6334     0.569    0.3829   0.03947   0.05361   0.01609
