      0/99     4.16G   0.08349   0.08231   0.07954    0.2453       198       640   0.07714   0.01378   0.01836  0.006958   0.06997   0.07089   0.06911
      1/99     10.2G   0.06672   0.08114   0.06339    0.2112       225       640    0.2062    0.1203   0.09581   0.04478   0.06029   0.06758   0.05168
      2/99     10.2G   0.06216   0.07904   0.05221    0.1934       144       640    0.2851    0.2056    0.1696   0.08567   0.05577   0.06553   0.04181
      3/99     10.2G    0.0589   0.07774   0.04573    0.1824       162       640    0.2708    0.2945    0.2325    0.1239   0.05269   0.06391     0.036
      4/99     10.2G   0.05677    0.0763   0.04171    0.1748       159       640    0.2793    0.3486     0.276     0.151   0.05098   0.06271   0.03279
      5/99     10.2G   0.05537   0.07545   0.03916      0.17       180       640    0.2897    0.3841    0.3061    0.1705   0.04979   0.06201   0.03082
      6/99     10.2G   0.05442    0.0749    0.0374    0.1667       200       640    0.3076    0.4029    0.3262    0.1845   0.04905   0.06144   0.02944
      7/99     10.2G   0.05368   0.07447   0.03601    0.1642       159       640    0.3118    0.4152    0.3395    0.1937   0.04854    0.0611   0.02859
      8/99     10.2G   0.05308   0.07406   0.03491     0.162       132       640    0.3207    0.4188    0.3485       0.2   0.04818   0.06086   0.02801
      9/99     10.2G   0.05259   0.07384   0.03409    0.1605       144       640    0.3309      0.42    0.3553    0.2049   0.04792   0.06068   0.02758
     10/99     10.2G   0.05212   0.07318   0.03335    0.1587       206       640     0.342    0.4197    0.3613    0.2096   0.04769   0.06057   0.02721
     11/99     10.2G   0.05186   0.07301   0.03275    0.1576       194       640    0.3561    0.4189    0.3666    0.2133   0.04749   0.06051   0.02688
     12/99     10.2G   0.05148   0.07265   0.03214    0.1563       192       640    0.3717    0.4171    0.3718    0.2172   0.04731   0.06052   0.02659
     13/99     10.2G   0.05123    0.0727   0.03177    0.1557       185       640    0.3878    0.4166    0.3765     0.221   0.04714   0.06053   0.02631
     14/99     10.2G     0.051   0.07235   0.03132    0.1547       270       640    0.4022    0.4154    0.3816    0.2247   0.04697   0.06059   0.02604
     15/99     10.2G   0.05073   0.07194   0.03091    0.1536       266       640    0.4145    0.4166    0.3863    0.2285   0.04679   0.06062   0.02573
     16/99     10.2G   0.05053   0.07186   0.03052    0.1529       204       640    0.4258    0.4167    0.3918    0.2322    0.0466   0.06068   0.02543
     17/99     10.2G   0.05034   0.07179   0.03023    0.1524       195       640    0.4371    0.4182    0.3968     0.236   0.04641    0.0607    0.0251
     18/99     10.2G   0.05021   0.07165   0.02996    0.1518       141       640    0.4467    0.4218    0.4025    0.2403   0.04622   0.06068   0.02479
     19/99     10.2G   0.04992   0.07161   0.02964    0.1512       194       640    0.4502    0.4248    0.4075    0.2443   0.04603   0.06064   0.02447
     20/99     10.2G   0.04987   0.07143   0.02952    0.1508       168       640    0.4591    0.4294    0.4129    0.2482   0.04584   0.06056   0.02415
     21/99     10.2G   0.04962   0.07111   0.02916    0.1499       230       640    0.4617     0.434    0.4184    0.2519   0.04564   0.06042   0.02383
     22/99     10.2G    0.0495   0.07093   0.02891    0.1493       209       640    0.4664    0.4385    0.4232    0.2557   0.04545   0.06025   0.02351
     23/99     10.2G   0.04938   0.07102   0.02876    0.1492       240       640    0.4662    0.4443    0.4288    0.2598   0.04525   0.06005    0.0232
     24/99     10.2G   0.04926   0.07081   0.02863    0.1487       222       640    0.4663    0.4502    0.4332    0.2633   0.04506   0.05984   0.02292
     25/99     10.2G   0.04911   0.07059   0.02837    0.1481       166       640    0.4661    0.4562    0.4384    0.2669   0.04488   0.05963   0.02263
     26/99     10.2G   0.04906    0.0709   0.02819    0.1481       204       640    0.4637    0.4633    0.4426    0.2705   0.04469   0.05941   0.02235
     27/99     10.2G   0.04892    0.0703   0.02801    0.1472       128       640    0.4623    0.4685    0.4468    0.2739   0.04453   0.05919   0.02209
     28/99     10.2G   0.04876   0.07039   0.02783     0.147       160       640    0.4593     0.474    0.4506    0.2764   0.04435   0.05899   0.02183
     29/99     10.2G   0.04862    0.0703    0.0276    0.1465       120       640    0.4571    0.4803    0.4543    0.2796    0.0442   0.05879   0.02159
     30/99     10.2G    0.0485   0.07014   0.02751    0.1462       196       640    0.4543    0.4862    0.4579    0.2827   0.04405   0.05858   0.02137
     31/99     10.2G    0.0484   0.07004   0.02735    0.1458       177       640    0.4527    0.4916    0.4615    0.2853   0.04391   0.05839   0.02117
     32/99     10.2G   0.04832   0.07019   0.02718    0.1457       152       640    0.4498    0.4971    0.4653    0.2879   0.04378   0.05819   0.02097
     33/99     10.2G   0.04817   0.07007   0.02701    0.1452       169       640    0.4488    0.5024    0.4691    0.2905   0.04366   0.05801    0.0208
     34/99     10.2G   0.04808   0.06999   0.02681    0.1449       227       640    0.4477    0.5068    0.4723    0.2929   0.04354   0.05785   0.02062
     35/99     10.2G   0.04794   0.06997   0.02671    0.1446       179       640    0.4453     0.511    0.4749     0.295   0.04343   0.05769   0.02047
     36/99     10.2G   0.04787   0.06979   0.02662    0.1443       102       640    0.4433    0.5151    0.4778    0.2974   0.04332   0.05754   0.02032
     37/99     10.2G   0.04776   0.06961   0.02648    0.1439       185       640    0.4405    0.5202    0.4809    0.2992   0.04321   0.05738   0.02017
     38/99     10.2G    0.0476   0.06946   0.02627    0.1433       204       640    0.4387    0.5251    0.4836    0.3012    0.0431   0.05723   0.02003
     39/99     10.2G   0.04758    0.0696   0.02622    0.1434       194       640     0.437    0.5282    0.4866    0.3037   0.04301   0.05709   0.01989
     40/99     10.2G   0.04737   0.06922   0.02599    0.1426       321       640    0.4344    0.5337     0.489    0.3051   0.04292   0.05697   0.01977
     41/99     10.2G   0.04732   0.06948   0.02585    0.1427       188       640    0.4326    0.5369    0.4911     0.307   0.04283   0.05685   0.01965
     42/99     10.2G   0.04722   0.06924   0.02573    0.1422       207       640    0.4324    0.5408    0.4941    0.3089   0.04275   0.05673   0.01953
     43/99     10.2G   0.04712    0.0692   0.02566     0.142       175       640    0.4303    0.5446     0.496    0.3109   0.04267   0.05662   0.01941
     44/99     10.2G   0.04699   0.06928   0.02538    0.1416       173       640     0.429    0.5485     0.498    0.3119   0.04259   0.05651    0.0193
     45/99     10.2G   0.04689   0.06889   0.02532    0.1411       251       640    0.4286    0.5521    0.4997    0.3133   0.04251   0.05642   0.01919
     46/99     10.2G   0.04685   0.06889    0.0252    0.1409       176       640    0.4275    0.5561    0.5019    0.3146   0.04242   0.05632   0.01909
     47/99     10.2G   0.04676   0.06873   0.02512    0.1406       180       640    0.4253    0.5574    0.5045    0.3169   0.04234   0.05622   0.01899
     48/99     10.2G   0.04663   0.06868   0.02497    0.1403       145       640    0.4241    0.5593    0.5066    0.3186   0.04227   0.05612   0.01889
     49/99     10.2G    0.0465   0.06831    0.0248    0.1396       150       640    0.4236     0.561    0.5077    0.3195   0.04221   0.05604   0.01881
     50/99     10.2G   0.04637   0.06832   0.02466    0.1394       188       640    0.4229    0.5648    0.5094    0.3211   0.04214   0.05595   0.01872
     51/99     10.2G   0.04632   0.06841    0.0245    0.1392       229       640    0.4351     0.568    0.5117    0.3224   0.04207   0.05588   0.01864
     52/99     10.2G    0.0462   0.06843   0.02451    0.1391       220       640     0.434    0.5707    0.5128    0.3233     0.042   0.05582   0.01857
     53/99     10.2G   0.04608   0.06822   0.02424    0.1385       107       640    0.4209    0.5713    0.5138    0.3244   0.04193   0.05575   0.01848
     54/99     10.2G   0.04601   0.06847   0.02418    0.1387       139       640    0.4207     0.573    0.5156    0.3254   0.04187    0.0557   0.01838
     55/99     10.2G   0.04591   0.06827   0.02401    0.1382       254       640    0.4323    0.5767    0.5181    0.3273   0.04181   0.05563   0.01827
     56/99     10.2G   0.04586   0.06808   0.02392    0.1379       194       640    0.4317    0.5796    0.5196    0.3282   0.04174   0.05556   0.01818
     57/99     10.2G   0.04576   0.06796   0.02381    0.1375       184       640    0.4311    0.5811    0.5211    0.3295   0.04168   0.05551    0.0181
     58/99     10.2G   0.04564   0.06808   0.02357    0.1373       182       640    0.4302    0.5817    0.5225    0.3307   0.04162   0.05545   0.01804
     59/99     10.2G   0.04548   0.06765    0.0235    0.1366       163       640    0.4297    0.5835    0.5243    0.3323   0.04156    0.0554   0.01796
     60/99     10.2G   0.04547   0.06775   0.02333    0.1365       190       640    0.4293     0.585    0.5256    0.3337    0.0415   0.05534   0.01787
     61/99     10.2G   0.04528   0.06757   0.02319     0.136       190       640    0.4297    0.5869    0.5277    0.3348   0.04144   0.05529   0.01779
     62/99     10.2G   0.04522   0.06749   0.02315    0.1359       221       640    0.4162    0.5865    0.5281    0.3359   0.04139   0.05522   0.01771
     63/99     10.2G   0.04511   0.06764   0.02292    0.1357       154       640    0.4166    0.5895    0.5296    0.3368   0.04134   0.05517   0.01764
     64/99     10.2G   0.04499   0.06773   0.02282    0.1355       221       640    0.4165     0.592    0.5315     0.338   0.04128   0.05512   0.01757
     65/99     10.2G   0.04493   0.06734   0.02274     0.135       257       640    0.4162    0.5929    0.5323    0.3392   0.04123   0.05506   0.01751
     66/99     10.2G   0.04481   0.06713   0.02254    0.1345       182       640    0.4164    0.5939    0.5333    0.3401   0.04117   0.05501   0.01745
     67/99     10.2G    0.0447   0.06715   0.02248    0.1343       208       640    0.4154    0.5953    0.5351    0.3412   0.04112   0.05497   0.01739
     68/99     10.2G   0.04462   0.06702   0.02236     0.134       132       640    0.4147    0.5972    0.5361    0.3425   0.04107   0.05493   0.01733
     69/99     10.2G   0.04456   0.06694   0.02226    0.1338       154       640    0.4154    0.5984    0.5377    0.3436   0.04103   0.05489   0.01727
     70/99     10.2G   0.04445   0.06681   0.02213    0.1334       209       640    0.4161    0.6003    0.5386    0.3442   0.04099   0.05485   0.01721
     71/99     10.2G   0.04431   0.06689   0.02194    0.1331       191       640    0.4172    0.6012    0.5396    0.3448   0.04094   0.05481   0.01715
     72/99     10.2G   0.04423   0.06644   0.02186    0.1325       223       640    0.4169    0.6022     0.541    0.3463   0.04089   0.05477   0.01709
     73/99     10.2G   0.04413   0.06647   0.02165    0.1322       189       640    0.4174    0.6037    0.5424    0.3471   0.04085   0.05474   0.01703
     74/99     10.2G   0.04409   0.06657   0.02161    0.1323       143       640    0.4291    0.6055    0.5441    0.3482   0.04081   0.05471   0.01698
     75/99     10.2G   0.04393   0.06654   0.02146    0.1319       159       640    0.4292    0.6068    0.5451    0.3492   0.04076   0.05466   0.01692
     76/99     10.2G   0.04377   0.06612   0.02137    0.1313       262       640    0.4177    0.6055    0.5454    0.3497   0.04071   0.05461   0.01686
     77/99     10.2G   0.04377   0.06636   0.02125    0.1314       159       640    0.4173    0.6062    0.5464    0.3506   0.04067   0.05458    0.0168
     78/99     10.2G   0.04365   0.06597   0.02109    0.1307       149       640    0.4175    0.6074    0.5473    0.3516   0.04063   0.05456   0.01672
     79/99     10.2G   0.04358   0.06589   0.02093    0.1304       155       640    0.4302    0.6099    0.5491    0.3529   0.04058   0.05452   0.01666
     80/99     10.2G   0.04346   0.06584   0.02086    0.1302       231       640    0.4257    0.6104    0.5502    0.3538   0.04054   0.05448   0.01659
     81/99     10.2G    0.0434   0.06585   0.02075      0.13       171       640    0.4269    0.6141    0.5516    0.3551    0.0405   0.05445   0.01653
     82/99     10.2G   0.04333   0.06575   0.02069    0.1298       202       640    0.4259    0.6157    0.5528    0.3557   0.04046   0.05441   0.01648
     83/99     10.2G   0.04324   0.06551   0.02052    0.1293       220       640    0.4263    0.6163    0.5536    0.3562   0.04042   0.05437   0.01643
     84/99     10.2G   0.04319   0.06571   0.02042    0.1293       229       640    0.4233    0.6174    0.5537    0.3566   0.04039   0.05435    0.0164
     85/99     10.2G   0.04304    0.0655   0.02032    0.1288       131       640    0.4228    0.6184    0.5545    0.3571   0.04035   0.05432   0.01636
     86/99     10.2G   0.04305   0.06542   0.02025    0.1287       184       640    0.4225    0.6194    0.5555    0.3578   0.04032   0.05429   0.01632
     87/99     10.2G   0.04293   0.06526   0.02015    0.1283       106       640    0.4214    0.6202    0.5561     0.358   0.04029   0.05426   0.01629
     88/99     10.2G    0.0429   0.06549   0.02009    0.1285       235       640    0.4213    0.6215    0.5564    0.3583   0.04025   0.05423   0.01625
     89/99     10.2G   0.04287   0.06536   0.02003    0.1283       181       640    0.4214    0.6224    0.5571    0.3591   0.04022    0.0542   0.01624
     90/99     10.2G   0.04279   0.06504   0.01991    0.1277       141       640    0.4212    0.6242    0.5578    0.3599   0.04019   0.05418   0.01621
     91/99     10.2G    0.0427   0.06514    0.0199    0.1277       213       640    0.4206    0.6246    0.5578    0.3604   0.04017   0.05415   0.01619
     92/99     10.2G   0.04269   0.06504    0.0198    0.1275       157       640    0.4198    0.6248    0.5583     0.361   0.04015   0.05414   0.01616
     93/99     10.2G   0.04261   0.06493   0.01973    0.1273       168       640    0.4182    0.6254    0.5588    0.3613   0.04012   0.05411   0.01613
     94/99     10.2G   0.04262   0.06499   0.01975    0.1274       151       640    0.4177    0.6254    0.5583    0.3616   0.04009    0.0541   0.01612
     95/99     10.2G   0.04259   0.06506   0.01965    0.1273       238       640    0.4175     0.627    0.5592    0.3619   0.04007   0.05408   0.01609
     96/99     10.2G   0.04253   0.06489   0.01959     0.127       207       640    0.4153    0.6281    0.5596    0.3625   0.04004   0.05406   0.01606
     97/99     10.2G   0.04255    0.0647   0.01955    0.1268       181       640    0.4136    0.6284    0.5604    0.3629   0.04001   0.05405   0.01605
     98/99     10.2G   0.04249   0.06491   0.01954    0.1269       205       640    0.4133    0.6285    0.5608    0.3639      0.04   0.05403   0.01601
     99/99     10.2G   0.04249   0.06491   0.01946    0.1269       170       640    0.4135    0.6297    0.5684    0.3772   0.03998   0.05402   0.01601
