      0/99     5.27G   0.08288   0.08226   0.07943    0.2446       157       640   0.07395   0.01596   0.02083  0.008056   0.06932   0.07092   0.06926
      1/99     9.57G   0.06664   0.08135   0.06318    0.2112       215       640    0.2029     0.107   0.08798   0.04082   0.06066   0.06797   0.05196
      2/99     9.57G   0.06219   0.07874   0.05231    0.1932       147       640    0.2755    0.2142     0.165   0.08321   0.05587   0.06563   0.04208
      3/99     9.57G   0.05894   0.07773   0.04585    0.1825       158       640    0.2803    0.2947    0.2291    0.1213   0.05287   0.06396    0.0364
      4/99     9.57G   0.05683   0.07647   0.04184    0.1751       214       640    0.2767    0.3489    0.2742    0.1495   0.05101   0.06289   0.03293
      5/99     9.57G   0.05551   0.07537   0.03947    0.1703       196       640    0.3021    0.3813     0.303    0.1689   0.04993   0.06212   0.03095
      6/99     9.57G   0.05448   0.07474   0.03747    0.1667       163       640    0.3085    0.3985    0.3232    0.1823   0.04915   0.06156    0.0296
      7/99     9.57G    0.0538   0.07439   0.03621    0.1644       159       640    0.3138    0.4071    0.3363    0.1918   0.04865   0.06122   0.02874
      8/99     9.57G   0.05322   0.07415   0.03508    0.1625       230       640    0.3206    0.4128    0.3455    0.1982    0.0483   0.06099   0.02816
      9/99     9.57G   0.05267   0.07366   0.03419    0.1605       212       640    0.3296    0.4156    0.3524    0.2033     0.048   0.06083   0.02771
     10/99     9.57G   0.05228   0.07352   0.03347    0.1593       151       640    0.3425    0.4168    0.3584    0.2081   0.04777   0.06072   0.02735
     11/99     9.57G   0.05193   0.07292   0.03288    0.1577       194       640    0.3569     0.416    0.3634    0.2122   0.04757   0.06066   0.02703
     12/99     9.57G   0.05162   0.07284   0.03238    0.1568       214       640    0.3747     0.414    0.3679    0.2159   0.04738   0.06066   0.02674
     13/99     9.57G   0.05132   0.07265   0.03186    0.1558       220       640    0.3897    0.4115    0.3733    0.2199    0.0472    0.0607   0.02646
     14/99     9.57G   0.05102   0.07253   0.03153    0.1551        93       640    0.4045    0.4112    0.3787    0.2232   0.04702   0.06076   0.02617
     15/99     9.57G   0.05079   0.07197   0.03105    0.1538       194       640    0.4172    0.4107    0.3839    0.2271   0.04684   0.06083   0.02587
     16/99     9.57G   0.05061   0.07185   0.03072    0.1532       151       640    0.4319    0.4129    0.3893    0.2317   0.04665   0.06087   0.02557
     17/99     9.57G   0.05043   0.07178   0.03048    0.1527       205       640    0.4402    0.4144    0.3952    0.2357   0.04646   0.06086   0.02525
     18/99     9.57G   0.05027    0.0718    0.0302    0.1523       262       640    0.4479     0.417     0.401    0.2403   0.04627   0.06082   0.02493
     19/99     9.57G   0.05004   0.07141   0.02986    0.1513       172       640    0.4539      0.42    0.4062    0.2443   0.04607   0.06075   0.02463
     20/99     9.57G   0.04988   0.07143   0.02958    0.1509       148       640    0.4562    0.4258     0.412    0.2488   0.04586   0.06062   0.02429
     21/99     9.57G   0.04977   0.07111   0.02939    0.1503       186       640    0.4655    0.4316    0.4172    0.2524   0.04565   0.06045   0.02397
     22/99     9.57G    0.0496    0.0712   0.02922      0.15       175       640    0.4663    0.4373    0.4226    0.2563   0.04545   0.06026   0.02366
     23/99     9.57G    0.0494   0.07096   0.02881    0.1492       151       640    0.4651    0.4438    0.4281    0.2603   0.04525   0.06005   0.02336
     24/99     9.57G   0.04925   0.07081   0.02866    0.1487       164       640    0.4629    0.4506     0.433    0.2639   0.04507   0.05981   0.02307
     25/99     9.57G    0.0492   0.07099   0.02861    0.1488       174       640    0.4612    0.4578    0.4376     0.268   0.04488   0.05957    0.0228
     26/99     9.57G   0.04906   0.07067   0.02837    0.1481       213       640    0.4591    0.4649    0.4427    0.2715   0.04471   0.05935   0.02253
     27/99     9.57G   0.04891   0.07054   0.02818    0.1476       178       640    0.4598    0.4713     0.447    0.2745   0.04453   0.05913   0.02228
     28/99     9.57G    0.0488   0.07057   0.02802    0.1474       190       640    0.4551    0.4777    0.4517    0.2776   0.04437   0.05892   0.02203
     29/99     9.57G   0.04865   0.07042   0.02778    0.1468       179       640    0.4519    0.4842    0.4565    0.2806   0.04421   0.05872   0.02181
     30/99     9.57G   0.04858   0.07054   0.02766    0.1468       158       640    0.4486    0.4895    0.4599    0.2831   0.04407   0.05849    0.0216
     31/99     9.57G   0.04842   0.07017   0.02745     0.146       179       640    0.4466    0.4951    0.4634     0.286   0.04394   0.05829   0.02139
     32/99     9.57G   0.04829      0.07   0.02735    0.1456       327       640     0.446    0.5019    0.4669    0.2888    0.0438   0.05809   0.02121
     33/99     9.57G    0.0482   0.07032   0.02726    0.1458       193       640    0.4423    0.5058    0.4695    0.2912   0.04368   0.05792   0.02104
     34/99     9.57G   0.04809   0.07014   0.02701    0.1452       238       640    0.4403     0.511    0.4729    0.2934   0.04356   0.05774   0.02086
     35/99     9.57G   0.04803   0.06998   0.02691    0.1449       229       640    0.4397    0.5161    0.4757     0.296   0.04343   0.05758    0.0207
     36/99     9.57G   0.04787   0.07002    0.0267    0.1446       252       640    0.4375    0.5209    0.4781    0.2981   0.04332   0.05743   0.02054
     37/99     9.57G   0.04779   0.06959   0.02663     0.144       173       640    0.4367    0.5253    0.4808    0.2998   0.04322    0.0573   0.02039
     38/99     9.57G   0.04769   0.06972   0.02647    0.1439       209       640    0.4341    0.5288    0.4836    0.3018   0.04312   0.05717   0.02023
     39/99     9.57G   0.04753   0.06962   0.02629    0.1434       239       640    0.4307    0.5319    0.4857    0.3033   0.04302   0.05707   0.02009
     40/99     9.57G   0.04745   0.06965   0.02618    0.1433       213       640    0.4275    0.5344    0.4875    0.3048   0.04293   0.05695   0.01996
     41/99     9.57G   0.04733   0.06941   0.02597    0.1427       168       640    0.4246    0.5382    0.4898    0.3065   0.04284   0.05685   0.01982
     42/99     9.57G   0.04727   0.06935   0.02587    0.1425       216       640    0.4242    0.5404    0.4922    0.3079   0.04275   0.05675    0.0197
     43/99     9.57G    0.0471   0.06932   0.02571    0.1421       203       640    0.4211    0.5429    0.4938    0.3093   0.04266   0.05665   0.01957
     44/99     9.57G   0.04704   0.06895   0.02565    0.1416       248       640    0.4179    0.5456    0.4957    0.3113   0.04257   0.05655   0.01945
     45/99     9.57G   0.04696   0.06925   0.02548    0.1417       216       640    0.4177    0.5484    0.4977    0.3128   0.04249   0.05645   0.01933
     46/99     9.57G   0.04688   0.06895   0.02534    0.1412       139       640     0.417    0.5504    0.4995    0.3141   0.04241   0.05638   0.01922
     47/99     9.57G   0.04677   0.06892   0.02522    0.1409       327       640    0.4164    0.5547    0.5016    0.3158   0.04233   0.05629   0.01911
     48/99     9.57G   0.04666   0.06884   0.02503    0.1405       194       640     0.415     0.557    0.5031    0.3172   0.04226   0.05621   0.01901
     49/99     9.57G   0.04657   0.06855   0.02493      0.14       258       640    0.4143    0.5607    0.5047    0.3181   0.04218   0.05614   0.01891
     50/99     9.57G   0.04649   0.06869   0.02485      0.14       166       640    0.4129    0.5627    0.5064    0.3193   0.04211   0.05607   0.01881
     51/99     9.57G   0.04637   0.06857   0.02465    0.1396       194       640    0.4117    0.5649    0.5085    0.3207   0.04203     0.056   0.01873
     52/99     9.57G    0.0462   0.06845    0.0245    0.1392       206       640    0.4109     0.567    0.5098    0.3213   0.04195   0.05593   0.01864
     53/99     9.57G    0.0461   0.06826   0.02441    0.1388       165       640    0.4112    0.5707    0.5121    0.3228   0.04187   0.05587   0.01856
     54/99     9.57G   0.04603   0.06815   0.02421    0.1384       148       640    0.4103    0.5722    0.5136    0.3245   0.04181   0.05581   0.01849
     55/99     9.57G   0.04591   0.06805   0.02411    0.1381       101       640    0.4097    0.5747    0.5149    0.3262   0.04175   0.05574   0.01841
     56/99     9.57G   0.04584   0.06824   0.02405    0.1381       137       640    0.4089    0.5767    0.5164    0.3272   0.04168   0.05568   0.01833
     57/99     9.57G   0.04568   0.06797   0.02379    0.1374       206       640    0.4085    0.5785    0.5175    0.3281   0.04162   0.05562   0.01826
     58/99     9.57G   0.04565   0.06809    0.0237    0.1374       117       640    0.4076    0.5804    0.5187    0.3291   0.04155   0.05556   0.01819
     59/99     9.57G   0.04555   0.06794   0.02359    0.1371       204       640    0.4067    0.5811    0.5207    0.3305   0.04149   0.05551   0.01813
     60/99     9.57G    0.0454   0.06789    0.0235    0.1368       180       640    0.4069    0.5826    0.5223    0.3317   0.04143   0.05545   0.01807
     61/99     9.57G   0.04531   0.06767   0.02327    0.1363       195       640     0.405    0.5834    0.5242    0.3332   0.04138    0.0554     0.018
     62/99     9.57G    0.0452   0.06768   0.02318    0.1361       128       640     0.405     0.586    0.5253    0.3344   0.04133   0.05534   0.01793
     63/99     9.57G   0.04514   0.06751   0.02303    0.1357       166       640    0.4046    0.5882    0.5268    0.3351   0.04128    0.0553   0.01786
     64/99     9.57G   0.04505   0.06738     0.023    0.1354       182       640    0.4039    0.5896    0.5282    0.3364   0.04122   0.05526    0.0178
     65/99     9.57G   0.04494   0.06722   0.02277    0.1349       107       640    0.4035    0.5916    0.5293    0.3375   0.04117   0.05521   0.01773
     66/99     9.57G   0.04485   0.06704   0.02271    0.1346       231       640    0.4032    0.5932    0.5305    0.3385   0.04112   0.05516   0.01767
     67/99     9.57G   0.04473   0.06697    0.0225    0.1342       146       640     0.403     0.594    0.5312    0.3391   0.04107    0.0551   0.01759
     68/99     9.57G    0.0446   0.06711   0.02239    0.1341       152       640    0.4029    0.5963    0.5326    0.3401   0.04101   0.05505   0.01753
     69/99     9.57G   0.04452   0.06698   0.02223    0.1337       212       640    0.4031    0.5972    0.5335    0.3413   0.04096     0.055   0.01747
     70/99     9.57G   0.04443    0.0667   0.02218    0.1333       192       640    0.4031    0.5981    0.5343    0.3426   0.04091   0.05497   0.01741
     71/99     9.57G   0.04429   0.06653    0.0221    0.1329       204       640    0.4031    0.5987    0.5355    0.3434   0.04087   0.05493   0.01736
     72/99     9.57G    0.0442   0.06657   0.02191    0.1327       179       640    0.4045     0.601    0.5369    0.3443   0.04082   0.05487    0.0173
     73/99     9.57G   0.04419   0.06626   0.02185    0.1323       176       640    0.4052    0.6014    0.5379     0.345   0.04077   0.05484   0.01724
     74/99     9.57G   0.04405   0.06626   0.02168     0.132       180       640     0.408    0.6038    0.5394    0.3456   0.04073    0.0548   0.01718
     75/99     9.57G   0.04397    0.0665   0.02156     0.132       190       640    0.4089    0.6054    0.5399    0.3463   0.04068   0.05478   0.01712
     76/99     9.57G   0.04379   0.06624   0.02136    0.1314       168       640    0.4087    0.6072    0.5408    0.3466   0.04063   0.05476   0.01706
     77/99     9.57G   0.04374   0.06625    0.0212    0.1312       211       640    0.4113    0.6101    0.5421    0.3477   0.04059   0.05474     0.017
     78/99     9.57G   0.04371   0.06611   0.02116     0.131       168       640    0.4124    0.6124     0.543    0.3485   0.04055   0.05472   0.01694
     79/99     9.57G   0.04357   0.06603   0.02109    0.1307       105       640    0.4132     0.613    0.5442    0.3495   0.04051    0.0547    0.0169
     80/99     9.57G    0.0435   0.06584   0.02091    0.1302       176       640    0.4127    0.6137     0.545    0.3503   0.04048   0.05466   0.01686
     81/99     9.57G   0.04344   0.06599   0.02077    0.1302       203       640    0.4125    0.6135    0.5456    0.3507   0.04044   0.05462   0.01682
     82/99     9.57G   0.04328   0.06579   0.02071    0.1298       221       640    0.4125    0.6139    0.5463    0.3513   0.04041    0.0546   0.01678
     83/99     9.57G   0.04327   0.06575   0.02049    0.1295       173       640    0.4122    0.6148    0.5472     0.352   0.04038   0.05457   0.01673
     84/99     9.57G   0.04316   0.06577   0.02042    0.1293       180       640    0.4123    0.6156     0.549    0.3538   0.04035   0.05454   0.01667
     85/99     9.57G   0.04305   0.06553   0.02037    0.1289       207       640    0.4117    0.6157    0.5499    0.3552   0.04031   0.05451   0.01662
     86/99     9.57G   0.04303   0.06567   0.02037    0.1291       167       640    0.4127    0.6184    0.5509    0.3557   0.04027   0.05448   0.01658
     87/99     9.57G   0.04297   0.06557   0.02027    0.1288       203       640    0.4128    0.6198    0.5524    0.3561   0.04024   0.05445   0.01656
     88/99     9.57G   0.04288   0.06542   0.02013    0.1284       164       640    0.4135    0.6213    0.5529    0.3563   0.04022   0.05442   0.01652
     89/99     9.57G   0.04284   0.06512   0.02002     0.128       201       640    0.4135    0.6221    0.5532    0.3571    0.0402    0.0544   0.01648
     90/99     9.57G   0.04278    0.0652   0.01999     0.128       172       640    0.4134    0.6226    0.5539    0.3574   0.04017   0.05438   0.01646
     91/99     9.57G   0.04272   0.06494   0.01993    0.1276       187       640     0.413    0.6233    0.5546    0.3583   0.04015   0.05435   0.01643
     92/99     9.57G   0.04275   0.06519   0.01988    0.1278       174       640    0.4132    0.6251    0.5554    0.3591   0.04013   0.05433   0.01639
     93/99     9.57G   0.04266   0.06507   0.01981    0.1275       202       640    0.4133    0.6269    0.5565    0.3592   0.04011   0.05431   0.01635
     94/99     9.57G   0.04259   0.06502   0.01972    0.1273       195       640    0.4131    0.6283    0.5569    0.3593   0.04009    0.0543   0.01632
     95/99     9.57G    0.0426   0.06518   0.01969    0.1275       223       640    0.4132    0.6295    0.5575    0.3597   0.04006    0.0543    0.0163
     96/99     9.57G   0.04251   0.06482    0.0196    0.1269       157       640    0.4116    0.6284    0.5577    0.3604   0.04005   0.05428   0.01628
     97/99     9.57G   0.04251   0.06487   0.01962     0.127       218       640     0.411    0.6279    0.5574    0.3609   0.04002   0.05427   0.01625
     98/99     9.57G   0.04253   0.06485   0.01966     0.127       144       640    0.4119     0.628    0.5579    0.3607   0.04001   0.05425   0.01621
     99/99     9.57G   0.04248   0.06501   0.01948     0.127       159       640    0.4104    0.6281    0.5657     0.374   0.03999   0.05423   0.01619
