      0/99      6.6G   0.08294   0.08263    0.0796    0.2452       165       640   0.07922   0.01154   0.01991  0.007714   0.06907   0.07059   0.06929
      1/99     8.25G   0.06603   0.08145   0.06332    0.2108       194       640    0.2094    0.1221   0.09746   0.04605   0.05967   0.06743   0.05156
      2/99     8.25G   0.06199   0.07903   0.05225    0.1933       206       640    0.2833    0.2245    0.1769   0.09126   0.05504   0.06515   0.04168
      3/99     8.25G   0.05884   0.07753   0.04567     0.182       165       640    0.2749    0.3083    0.2405    0.1303   0.05218   0.06354   0.03601
      4/99     8.25G   0.05659   0.07618   0.04177    0.1745       202       640    0.2846    0.3608    0.2825    0.1574   0.05042   0.06242   0.03274
      5/99     8.25G   0.05518    0.0753   0.03911    0.1696       203       640     0.292     0.394    0.3119     0.177   0.04934   0.06168   0.03075
      6/99     8.25G   0.05415   0.07477   0.03739    0.1663       187       640    0.3025    0.4116    0.3306    0.1897   0.04862   0.06118   0.02945
      7/99     8.25G   0.05341    0.0741   0.03593    0.1634       180       640     0.313    0.4233    0.3439    0.1989   0.04813   0.06084   0.02861
      8/99     8.25G   0.05282   0.07364   0.03484    0.1613       179       640    0.3212    0.4264    0.3523    0.2053   0.04778    0.0606   0.02805
      9/99     8.25G   0.05228   0.07348   0.03396    0.1597       281       640    0.3343    0.4293    0.3601    0.2106    0.0475   0.06042   0.02761
     10/99     8.25G   0.05194   0.07286   0.03329    0.1581       253       640    0.3481    0.4285    0.3662    0.2155   0.04727   0.06031   0.02725
     11/99     8.25G   0.05153   0.07245   0.03271    0.1567       210       640    0.3641    0.4253    0.3718    0.2193   0.04709   0.06029   0.02694
     12/99     8.25G   0.05125   0.07242   0.03211    0.1558       243       640    0.3804    0.4212    0.3759    0.2225   0.04691   0.06033   0.02666
     13/99     8.25G   0.05095   0.07195   0.03164    0.1545       124       640    0.3974    0.4179    0.3795    0.2259   0.04675   0.06042   0.02639
     14/99     8.25G   0.05069   0.07192   0.03127    0.1539        92       640    0.4128    0.4136    0.3838    0.2289   0.04659   0.06055   0.02613
     15/99     8.25G   0.05043   0.07194   0.03079    0.1532       163       640    0.4284    0.4117    0.3878    0.2318   0.04643   0.06071   0.02587
     16/99     8.25G   0.05029   0.07161   0.03056    0.1525       267       640    0.4407    0.4089    0.3915    0.2346   0.04628   0.06087   0.02561
     17/99     8.25G   0.05006   0.07136   0.03014    0.1516       211       640    0.4524    0.4096    0.3965    0.2381   0.04612   0.06095   0.02531
     18/99     8.25G    0.0499   0.07126   0.02995    0.1511       185       640    0.4731    0.4115    0.4013    0.2415   0.04595   0.06097     0.025
     19/99     8.25G   0.04967   0.07117   0.02972    0.1506       141       640    0.4744    0.4141    0.4062    0.2454   0.04575   0.06094   0.02469
     20/99     8.25G    0.0495   0.07086    0.0294    0.1498       201       640    0.4775    0.4186    0.4109    0.2492   0.04556   0.06086   0.02438
     21/99     8.25G   0.04942   0.07076   0.02916    0.1493       196       640    0.4793     0.425    0.4169    0.2534   0.04536   0.06072   0.02406
     22/99     8.25G   0.04917   0.07077   0.02886    0.1488       166       640    0.4808     0.432    0.4225    0.2578   0.04515   0.06055   0.02374
     23/99     8.25G   0.04906   0.07047   0.02874    0.1483       263       640    0.4804    0.4384    0.4284    0.2615   0.04495   0.06034   0.02343
     24/99     8.25G   0.04898   0.07078   0.02854    0.1483       249       640    0.4758    0.4459    0.4333     0.266   0.04474   0.06009    0.0231
     25/99     8.25G   0.04883    0.0704   0.02843    0.1477       150       640    0.4731     0.453    0.4384    0.2697   0.04454   0.05985    0.0228
     26/99     8.25G   0.04872   0.07048   0.02819    0.1474       204       640    0.4717    0.4588    0.4434    0.2737   0.04434   0.05959   0.02249
     27/99     8.25G   0.04857    0.0704   0.02803     0.147       257       640     0.471    0.4659    0.4481    0.2771   0.04416   0.05931   0.02223
     28/99     8.25G   0.04842   0.07012   0.02777    0.1463       215       640    0.4659    0.4712    0.4524    0.2805   0.04399   0.05904   0.02196
     29/99     8.25G   0.04833   0.07004   0.02766     0.146       151       640    0.4638    0.4767    0.4567    0.2839   0.04382   0.05879    0.0217
     30/99     8.25G   0.04824   0.07007   0.02745    0.1458       144       640     0.463    0.4827    0.4611    0.2867   0.04367   0.05856   0.02147
     31/99     8.25G   0.04807   0.06976   0.02739    0.1452       224       640    0.4597    0.4882     0.465    0.2896   0.04352   0.05833   0.02126
     32/99     8.25G   0.04801   0.06992   0.02715    0.1451       202       640    0.4576    0.4948    0.4687    0.2922   0.04338   0.05815   0.02106
     33/99     8.25G   0.04787   0.06992   0.02697    0.1448       190       640    0.4563    0.4994    0.4729     0.295   0.04324   0.05797   0.02086
     34/99     8.25G   0.04772   0.06928   0.02686    0.1439       272       640    0.4535    0.5043     0.476    0.2977   0.04312   0.05779   0.02067
     35/99     8.25G   0.04764   0.06942    0.0267    0.1438       153       640    0.4505    0.5092     0.479    0.3001     0.043   0.05761   0.02049
     36/99     8.25G   0.04751   0.06949   0.02652    0.1435       210       640    0.4488     0.515    0.4823    0.3026    0.0429   0.05744   0.02032
     37/99     8.25G   0.04744   0.06914   0.02651    0.1431       249       640    0.4466    0.5194    0.4861    0.3051    0.0428   0.05728   0.02015
     38/99     8.25G   0.04729   0.06914   0.02625    0.1427       199       640    0.4593    0.5257      0.49    0.3079   0.04269   0.05712      0.02
     39/99     8.25G    0.0472   0.06924   0.02617    0.1426       181       640    0.4555    0.5285    0.4923    0.3098   0.04259   0.05698   0.01985
     40/99     8.25G   0.04714   0.06914   0.02605    0.1423       158       640    0.4538    0.5323     0.495    0.3116    0.0425   0.05684   0.01972
     41/99     8.25G   0.04698   0.06901   0.02583    0.1418       164       640    0.4515    0.5361     0.497    0.3135    0.0424   0.05671   0.01959
     42/99     8.25G   0.04685   0.06893   0.02573    0.1415       200       640    0.4505    0.5404    0.4992    0.3153   0.04231   0.05657   0.01945
     43/99     8.25G   0.04678   0.06847   0.02563    0.1409       205       640    0.4496     0.544    0.5017    0.3165   0.04223   0.05644   0.01932
     44/99     8.25G   0.04668   0.06855   0.02549    0.1407       136       640    0.4468    0.5476    0.5037    0.3182   0.04214    0.0563    0.0192
     45/99     8.25G   0.04662   0.06842   0.02531    0.1403       130       640    0.4462    0.5516    0.5065    0.3202   0.04206   0.05619   0.01908
     46/99     8.25G   0.04649   0.06835   0.02519      0.14       154       640     0.445    0.5547    0.5088     0.322   0.04196   0.05609   0.01895
     47/99     8.25G   0.04633   0.06836   0.02496    0.1397       180       640    0.4429    0.5582    0.5112    0.3238   0.04188   0.05599   0.01883
     48/99     8.25G   0.04627   0.06819    0.0249    0.1394       160       640    0.4406    0.5603    0.5131    0.3253    0.0418   0.05591   0.01871
     49/99     8.25G   0.04615   0.06808   0.02474     0.139       223       640    0.4401     0.564    0.5155    0.3269   0.04172   0.05581    0.0186
     50/99     8.25G   0.04606   0.06837   0.02458     0.139       224       640    0.4398     0.568    0.5177    0.3288   0.04165   0.05572    0.0185
     51/99     8.25G   0.04602   0.06818   0.02455    0.1387       159       640    0.4398     0.571    0.5201    0.3301   0.04158   0.05562    0.0184
     52/99     8.25G   0.04588     0.068    0.0243    0.1382       132       640    0.4393    0.5741    0.5211    0.3312   0.04151   0.05554   0.01831
     53/99     8.25G   0.04579   0.06796   0.02422     0.138       191       640    0.4383    0.5758    0.5224    0.3321   0.04143   0.05546   0.01822
     54/99     8.25G    0.0457   0.06796   0.02413    0.1378       217       640    0.4365    0.5768    0.5239    0.3332   0.04137   0.05539   0.01814
     55/99     8.25G   0.04561   0.06787    0.0239    0.1374       207       640    0.4362    0.5805    0.5258    0.3344   0.04131   0.05532   0.01806
     56/99     8.25G   0.04549   0.06765   0.02381     0.137       244       640    0.4342    0.5829    0.5276    0.3355   0.04124   0.05525   0.01798
     57/99     8.25G   0.04536   0.06745   0.02371    0.1365       191       640    0.4333    0.5841    0.5288    0.3365   0.04119   0.05519   0.01788
     58/99     8.25G    0.0453   0.06765   0.02345    0.1364       152       640    0.4334    0.5867    0.5305    0.3375   0.04113   0.05514    0.0178
     59/99     8.26G   0.04522    0.0676   0.02346    0.1363       199       640    0.4313    0.5883    0.5313     0.339   0.04107   0.05508   0.01772
     60/99     8.26G   0.04513   0.06731   0.02325    0.1357       175       640    0.4302    0.5885    0.5322    0.3403   0.04101   0.05503   0.01764
     61/99     8.26G   0.04498   0.06733   0.02309    0.1354       211       640    0.4302     0.591     0.534    0.3416   0.04095   0.05496   0.01756
     62/99     8.26G    0.0449   0.06712   0.02306    0.1351       260       640    0.4302    0.5921    0.5354    0.3428   0.04089   0.05491   0.01748
     63/99     8.26G   0.04475   0.06691   0.02281    0.1345       175       640    0.4296    0.5944    0.5371    0.3442   0.04084   0.05485   0.01741
     64/99     8.26G   0.04464   0.06682   0.02275    0.1342       137       640    0.4285    0.5965    0.5382    0.3452   0.04078    0.0548   0.01733
     65/99     8.26G   0.04456   0.06687   0.02255     0.134       133       640    0.4276    0.5985    0.5398    0.3465   0.04073   0.05476   0.01727
     66/99     8.26G   0.04446   0.06663   0.02248    0.1336       167       640    0.4281    0.6019    0.5418    0.3473   0.04068   0.05472   0.01719
     67/99     8.26G   0.04434   0.06664   0.02233    0.1333       230       640    0.4267    0.6028    0.5428     0.348   0.04063   0.05469   0.01713
     68/99     8.26G   0.04425   0.06655   0.02225    0.1331       175       640    0.4249    0.6047    0.5437    0.3491   0.04058   0.05464   0.01706
     69/99     8.26G    0.0441   0.06637   0.02205    0.1325       221       640    0.4233    0.6063    0.5455    0.3505   0.04054    0.0546   0.01699
     70/99     8.26G   0.04402   0.06641    0.0219    0.1323       169       640    0.4231    0.6081    0.5463    0.3515   0.04048   0.05455   0.01692
     71/99     8.26G   0.04399   0.06623   0.02174     0.132       141       640    0.4207    0.6084    0.5471    0.3526   0.04043   0.05449   0.01685
     72/99     8.26G   0.04383   0.06634   0.02161    0.1318       116       640     0.421     0.611     0.548    0.3533   0.04039   0.05445   0.01678
     73/99     8.26G   0.04382   0.06639   0.02153    0.1317       214       640    0.4217    0.6117     0.549    0.3541   0.04034    0.0544   0.01671
     74/99     8.26G   0.04361   0.06599   0.02146    0.1311       223       640    0.4217    0.6128    0.5505    0.3551    0.0403   0.05437   0.01665
     75/99     8.26G   0.04355    0.0659   0.02127    0.1307       155       640    0.4222    0.6137    0.5515    0.3557   0.04026   0.05435    0.0166
     76/99     8.26G   0.04348   0.06591    0.0211    0.1305       222       640    0.4212    0.6153    0.5516    0.3566   0.04021   0.05432   0.01654
     77/99     8.26G   0.04339   0.06573   0.02103    0.1301       118       640    0.4182    0.6149    0.5526    0.3574   0.04017   0.05429   0.01648
     78/99     8.26G   0.04328   0.06568   0.02092    0.1299       188       640    0.4182    0.6158    0.5536    0.3584   0.04012   0.05424   0.01642
     79/99     8.26G   0.04313   0.06544   0.02076    0.1293       191       640    0.4205     0.617    0.5544     0.359   0.04007   0.05421   0.01636
     80/99     8.26G    0.0431   0.06552   0.02071    0.1293       177       640    0.4219    0.6198    0.5554    0.3598   0.04004   0.05418   0.01632
     81/99     8.26G   0.04303   0.06531   0.02062     0.129       176       640    0.4217    0.6212    0.5563    0.3604      0.04   0.05415   0.01627
     82/99     8.26G   0.04295   0.06515   0.02042    0.1285       152       640    0.4221    0.6235    0.5571    0.3609   0.03996    0.0541   0.01622
     83/99     8.26G   0.04281   0.06494   0.02037    0.1281       166       640    0.4213     0.625    0.5579    0.3618   0.03992   0.05406   0.01618
     84/99     8.26G   0.04278   0.06511   0.02021    0.1281       225       640    0.4219    0.6266    0.5596    0.3627   0.03989   0.05401   0.01613
     85/99     8.26G    0.0427   0.06507   0.02014    0.1279       256       640     0.422    0.6283    0.5604    0.3631   0.03985   0.05398   0.01609
     86/99     8.26G    0.0426   0.06473    0.0201    0.1274       198       640    0.4217    0.6292    0.5611    0.3638   0.03982   0.05395   0.01605
     87/99     8.26G   0.04252   0.06472   0.01997    0.1272       181       640    0.4213    0.6298    0.5615    0.3647   0.03979   0.05392   0.01601
     88/99     8.26G   0.04253   0.06495   0.01983    0.1273       163       640    0.4212    0.6315    0.5625    0.3649   0.03975   0.05389   0.01597
     89/99     8.26G   0.04243   0.06464    0.0198    0.1269       166       640    0.4222    0.6328    0.5637     0.366   0.03972   0.05386   0.01593
     90/99     8.26G   0.04235   0.06491    0.0197     0.127       228       640    0.4211    0.6325    0.5637    0.3665   0.03969   0.05385   0.01589
     91/99     8.26G   0.04232   0.06469   0.01961    0.1266       194       640    0.4212    0.6334    0.5641    0.3672   0.03966   0.05382   0.01585
     92/99     8.26G   0.04228   0.06467   0.01954    0.1265       138       640    0.4211    0.6347    0.5646    0.3675   0.03963    0.0538   0.01582
     93/99     8.26G   0.04219   0.06456   0.01944    0.1262       195       640    0.4211    0.6355    0.5657     0.368    0.0396   0.05378   0.01578
     94/99     8.26G   0.04218   0.06439   0.01941     0.126       209       640    0.4219    0.6377    0.5673    0.3691   0.03957   0.05375   0.01574
     95/99     8.26G   0.04215   0.06442   0.01936    0.1259       176       640    0.4206    0.6382    0.5678    0.3696   0.03955   0.05373   0.01572
     96/99     8.26G   0.04212   0.06428    0.0193    0.1257       232       640    0.4206    0.6394    0.5681      0.37   0.03953    0.0537   0.01568
     97/99     8.26G   0.04203   0.06433   0.01929    0.1256       247       640    0.4213    0.6413     0.569    0.3703   0.03951   0.05369   0.01564
     98/99     8.26G   0.04198   0.06428   0.01921    0.1255       161       640    0.4207    0.6415    0.5692    0.3706   0.03949   0.05367   0.01562
     99/99     8.26G   0.04208   0.06431   0.01926    0.1256       118       640    0.4191    0.6428    0.5766    0.3839   0.03946   0.05365   0.01561
