      0/99     7.65G   0.08344   0.08263   0.07967    0.2457       216       640   0.02144  0.009725   0.01002  0.003694   0.07359   0.07231   0.07246
      1/99     9.36G   0.06745   0.08222   0.06439    0.2141       197       640    0.2262     0.111   0.08809   0.04193   0.06137   0.06863   0.05371
      2/99     9.36G   0.06269   0.07965   0.05336    0.1957       155       640    0.2584    0.2237    0.1732    0.0912   0.05585    0.0656   0.04262
      3/99     9.36G   0.05927   0.07814   0.04682    0.1842       250       640     0.264    0.3045    0.2351    0.1328   0.05242    0.0638   0.03688
      4/99     9.36G   0.05676   0.07659   0.04264     0.176       172       640    0.2729    0.3572    0.2795    0.1628   0.05052   0.06253   0.03356
      5/99     9.36G   0.05523   0.07581    0.0401    0.1711       172       640     0.282    0.3872    0.3072    0.1816   0.04924   0.06167   0.03149
      6/99     9.36G   0.05413   0.07512   0.03817    0.1674       171       640     0.297    0.4072    0.3286    0.1968   0.04843   0.06109   0.03015
      7/99     9.36G   0.05325   0.07441   0.03665    0.1643       143       640    0.3068    0.4161    0.3417    0.2056   0.04791   0.06071   0.02929
      8/99     9.36G   0.05264   0.07381   0.03568    0.1621       141       640     0.323    0.4199    0.3503     0.212   0.04752   0.06046   0.02872
      9/99     9.36G   0.05208   0.07354   0.03468    0.1603       214       640    0.3334    0.4208    0.3573    0.2173   0.04721   0.06029   0.02828
     10/99     9.36G   0.05162   0.07284   0.03401    0.1585       185       640    0.3465    0.4187    0.3617    0.2208   0.04696   0.06021   0.02793
     11/99     9.36G   0.05123   0.07289   0.03337    0.1575       178       640    0.3622    0.4176    0.3657    0.2237   0.04675   0.06019   0.02766
     12/99     9.36G   0.05092   0.07262   0.03279    0.1563       191       640    0.3769    0.4147    0.3691    0.2267   0.04657   0.06023    0.0274
     13/99     9.36G   0.05058   0.07224    0.0322     0.155       238       640    0.3936    0.4127    0.3726    0.2298    0.0464   0.06035   0.02716
     14/99     9.36G    0.0503   0.07182   0.03192     0.154       175       640    0.4095    0.4099    0.3763    0.2327   0.04623   0.06049   0.02692
     15/99     9.36G   0.05006   0.07182   0.03143    0.1533       170       640     0.421    0.4074    0.3799    0.2352   0.04606   0.06064   0.02668
     16/99     9.36G   0.04982   0.07137   0.03116    0.1523       166       640    0.4327    0.4064    0.3837    0.2382   0.04589   0.06079    0.0264
     17/99     9.36G   0.04956   0.07134   0.03069    0.1516       177       640    0.4417    0.4062    0.3884    0.2417   0.04571   0.06087    0.0261
     18/99     9.36G   0.04946   0.07154    0.0304    0.1514       235       640    0.4642    0.4086     0.393    0.2453   0.04551   0.06089   0.02578
     19/99     9.36G   0.04919   0.07117   0.03022    0.1506       139       640    0.4682    0.4126    0.3983     0.249    0.0453   0.06084   0.02547
     20/99     9.36G   0.04905   0.07107   0.03004    0.1502       168       640    0.4724    0.4169    0.4039    0.2526   0.04509   0.06076   0.02514
     21/99     9.36G   0.04893   0.07086    0.0298    0.1496       180       640    0.4731    0.4203    0.4088    0.2565   0.04489   0.06064   0.02481
     22/99     9.36G   0.04869   0.07069   0.02944    0.1488       222       640    0.4731    0.4246    0.4143    0.2606   0.04467   0.06045   0.02447
     23/99     9.36G   0.04853    0.0706   0.02924    0.1484       138       640    0.4733    0.4321    0.4206     0.265   0.04446    0.0602   0.02414
     24/99     9.36G   0.04842   0.07062   0.02906    0.1481       243       640    0.4708    0.4389    0.4262    0.2692   0.04423   0.05993   0.02382
     25/99     9.36G   0.04827   0.07041   0.02882    0.1475       245       640    0.4694    0.4469     0.432    0.2733   0.04402   0.05966   0.02349
     26/99     9.36G   0.04817   0.07015   0.02867     0.147       180       640    0.4692    0.4541    0.4372    0.2773    0.0438   0.05938   0.02317
     27/99     9.36G   0.04795   0.06987   0.02852    0.1463       243       640    0.4689    0.4615    0.4428    0.2811    0.0436    0.0591   0.02288
     28/99     9.36G   0.04786   0.07012   0.02826    0.1462       263       640    0.4673    0.4691    0.4478    0.2851    0.0434   0.05882   0.02259
     29/99     9.36G   0.04774   0.06988   0.02807    0.1457       283       640    0.4628    0.4753    0.4524    0.2887   0.04321   0.05853   0.02231
     30/99     9.36G   0.04764   0.06981   0.02786    0.1453       164       640    0.4628    0.4833    0.4574    0.2922   0.04303   0.05827   0.02204
     31/99     9.36G   0.04749   0.06982   0.02782    0.1451       172       640    0.4598    0.4893    0.4613    0.2957   0.04286   0.05802   0.02178
     32/99     9.36G   0.04732    0.0695   0.02768    0.1445       158       640    0.4564    0.4945     0.465    0.2985   0.04269    0.0578   0.02155
     33/99     9.36G   0.04724   0.06939   0.02743    0.1441       237       640    0.4548    0.5006    0.4691    0.3017   0.04252   0.05757   0.02132
     34/99     9.36G    0.0471   0.06932   0.02733    0.1438       174       640    0.4512    0.5058    0.4729     0.305   0.04235   0.05733   0.02109
     35/99     9.36G   0.04701    0.0696   0.02717    0.1438       205       640    0.4488    0.5116    0.4762    0.3079    0.0422   0.05711   0.02088
     36/99     9.36G   0.04683   0.06918   0.02697     0.143       120       640    0.4448    0.5158    0.4795    0.3104   0.04205   0.05692   0.02069
     37/99     9.36G   0.04681   0.06904   0.02693    0.1428       230       640    0.4416     0.521    0.4825     0.313   0.04191   0.05673    0.0205
     38/99     9.36G   0.04665   0.06913   0.02661    0.1424       238       640    0.4392    0.5251    0.4856    0.3151   0.04177   0.05655   0.02032
     39/99     9.36G   0.04662   0.06908   0.02664    0.1423       124       640    0.4375    0.5281    0.4881     0.317   0.04164   0.05639   0.02017
     40/99     9.36G   0.04647   0.06891   0.02631    0.1417       152       640     0.434    0.5324    0.4906     0.319   0.04152   0.05622   0.02002
     41/99     9.36G   0.04632   0.06879   0.02624    0.1413       267       640    0.4328    0.5371    0.4934    0.3209    0.0414   0.05607   0.01988
     42/99     9.36G   0.04625   0.06883   0.02619    0.1413       256       640    0.4332    0.5421    0.4966    0.3236    0.0413   0.05594   0.01973
     43/99     9.36G   0.04615   0.06866     0.026    0.1408       186       640    0.4305    0.5456    0.4991    0.3254   0.04119    0.0558    0.0196
     44/99     9.36G   0.04601    0.0685   0.02589    0.1404       204       640    0.4281    0.5496    0.5014    0.3273   0.04109   0.05567   0.01948
     45/99     9.36G   0.04588    0.0682   0.02566    0.1397       192       640    0.4271    0.5534    0.5036    0.3292     0.041   0.05554   0.01936
     46/99     9.36G   0.04583   0.06839   0.02553    0.1398       156       640     0.425     0.557    0.5059    0.3307    0.0409   0.05543   0.01924
     47/99     9.36G   0.04569   0.06831   0.02536    0.1394       187       640    0.4233    0.5607    0.5083    0.3323    0.0408   0.05531   0.01913
     48/99     9.36G   0.04556   0.06809    0.0253     0.139       239       640    0.4222    0.5654    0.5109     0.334   0.04072    0.0552     0.019
     49/99     9.36G   0.04549   0.06794   0.02514    0.1386       147       640    0.4203    0.5671    0.5134    0.3358   0.04063    0.0551   0.01889
     50/99     9.36G   0.04537   0.06794   0.02497    0.1383       163       640    0.4198    0.5709    0.5153    0.3377   0.04054   0.05501   0.01878
     51/99     9.36G   0.04525   0.06763   0.02481    0.1377       193       640    0.4194    0.5734    0.5172    0.3391   0.04047   0.05494   0.01868
     52/99     9.36G   0.04516   0.06784   0.02478    0.1378       222       640    0.4193    0.5771    0.5191    0.3402   0.04039   0.05486   0.01858
     53/99     9.36G   0.04506   0.06775   0.02459    0.1374       196       640    0.4183    0.5781    0.5208    0.3418   0.04032   0.05477   0.01848
     54/99     9.36G   0.04494   0.06746   0.02448    0.1369       159       640    0.4173    0.5805    0.5224    0.3434   0.04024   0.05469   0.01837
     55/99     9.36G    0.0448   0.06732   0.02428    0.1364       228       640    0.4163    0.5834     0.525    0.3453   0.04016   0.05461   0.01827
     56/99     9.36G   0.04473   0.06721   0.02419    0.1361       267       640    0.4159    0.5856    0.5274    0.3474   0.04009   0.05454   0.01817
     57/99     9.36G   0.04464   0.06737   0.02401     0.136       226       640    0.4154    0.5878    0.5285    0.3486   0.04003   0.05447   0.01808
     58/99     9.36G   0.04456   0.06715    0.0239    0.1356       135       640    0.4139    0.5909      0.53      0.35   0.03997   0.05441   0.01799
     59/99     9.36G   0.04438   0.06688   0.02381    0.1351       187       640    0.4147    0.5935    0.5318    0.3514   0.03991   0.05435   0.01791
     60/99     9.36G   0.04426   0.06697   0.02356    0.1348       194       640    0.4146    0.5941    0.5327    0.3528   0.03985   0.05429   0.01782
     61/99     9.36G   0.04418   0.06678   0.02342    0.1344       187       640    0.4144    0.5964    0.5339    0.3538   0.03979   0.05423   0.01774
     62/99     9.36G   0.04405   0.06697   0.02328    0.1343       194       640    0.4126    0.5971    0.5351    0.3547   0.03973   0.05417   0.01766
     63/99     9.36G   0.04399   0.06672   0.02315    0.1338       203       640    0.4127    0.5995    0.5373    0.3559   0.03967   0.05412   0.01758
     64/99     9.36G   0.04385   0.06648   0.02295    0.1333       133       640    0.4134    0.6017     0.539    0.3573   0.03961   0.05406   0.01751
     65/99     9.36G   0.04371   0.06644   0.02281     0.133       174       640    0.4131    0.6034    0.5413    0.3594   0.03955     0.054   0.01742
     66/99     9.36G    0.0437   0.06629   0.02271    0.1327       120       640    0.4118    0.6056    0.5425    0.3602   0.03949   0.05395   0.01734
     67/99     9.36G    0.0435   0.06619   0.02249    0.1322       128       640    0.4127    0.6075    0.5437    0.3611   0.03943   0.05391   0.01727
     68/99     9.36G   0.04344   0.06621    0.0224     0.132       136       640    0.4173    0.6093    0.5453     0.362   0.03938   0.05386   0.01718
     69/99     9.36G   0.04331   0.06618   0.02233    0.1318       162       640    0.4194    0.6123    0.5472    0.3632   0.03933   0.05382    0.0171
     70/99     9.36G   0.04323    0.0662   0.02214    0.1316       188       640    0.4204     0.614     0.549    0.3647   0.03928   0.05378   0.01703
     71/99     9.36G   0.04313   0.06579   0.02197    0.1309       184       640    0.4202    0.6161    0.5501    0.3658   0.03924   0.05374   0.01695
     72/99     9.36G   0.04302   0.06581   0.02194    0.1308       175       640    0.4201    0.6189    0.5517    0.3672   0.03919   0.05368   0.01688
     73/99     9.36G   0.04295   0.06576   0.02176    0.1305       173       640    0.4203    0.6218    0.5528    0.3681   0.03914   0.05364   0.01681
     74/99     9.36G   0.04279   0.06547    0.0216    0.1299       217       640    0.4201    0.6232    0.5544    0.3694   0.03909    0.0536   0.01675
     75/99     9.36G    0.0427   0.06548   0.02145    0.1296       162       640    0.4203    0.6241    0.5558    0.3704   0.03904   0.05356   0.01669
     76/99     9.36G   0.04268   0.06544   0.02131    0.1294       214       640    0.4206    0.6246    0.5569    0.3714   0.03899   0.05351   0.01664
     77/99     9.36G   0.04249   0.06539   0.02116     0.129       167       640    0.4188    0.6253    0.5575    0.3728   0.03895   0.05346   0.01659
     78/99     9.36G   0.04242   0.06519   0.02109    0.1287       202       640    0.4197    0.6274    0.5585    0.3731   0.03891   0.05343   0.01654
     79/99     9.36G   0.04229   0.06495   0.02092    0.1282       165       640     0.418    0.6291    0.5599    0.3741   0.03885    0.0534   0.01648
     80/99     9.36G   0.04224   0.06501   0.02081    0.1281       165       640    0.4177    0.6301    0.5614    0.3754   0.03881   0.05336   0.01643
     81/99     9.36G   0.04215   0.06505   0.02068    0.1279       236       640    0.4166    0.6309    0.5619    0.3762   0.03878   0.05333   0.01639
     82/99     9.36G   0.04208   0.06506    0.0206    0.1277       175       640    0.4166    0.6323    0.5638     0.377   0.03874   0.05329   0.01633
     83/99     9.36G   0.04194   0.06489    0.0204    0.1272       225       640    0.4165    0.6338    0.5652    0.3781   0.03871   0.05324   0.01628
     84/99     9.36G   0.04185   0.06461   0.02041    0.1269       181       640    0.4166    0.6343    0.5661    0.3793   0.03866    0.0532   0.01623
     85/99     9.36G   0.04176    0.0644   0.02024    0.1264       120       640    0.4188    0.6374    0.5673    0.3797   0.03863   0.05317   0.01619
     86/99     9.36G   0.04168   0.06449   0.02013    0.1263       152       640    0.4189    0.6375    0.5676      0.38   0.03859   0.05314   0.01614
     87/99     9.36G   0.04169   0.06433   0.02009    0.1261       166       640    0.4177    0.6386    0.5693    0.3813   0.03856   0.05311   0.01608
     88/99     9.36G   0.04155   0.06416   0.01993    0.1256       188       640    0.4171      0.64    0.5702    0.3819   0.03852   0.05307   0.01604
     89/99     9.36G   0.04155   0.06424   0.01988    0.1257       220       640    0.4186    0.6408     0.571    0.3826    0.0385   0.05304     0.016
     90/99     9.36G   0.04146   0.06431   0.01978    0.1255       170       640    0.4178    0.6421    0.5722    0.3837   0.03847   0.05301   0.01596
     91/99     9.36G   0.04143   0.06397   0.01975    0.1252       138       640    0.4172    0.6424    0.5731    0.3844   0.03843   0.05298   0.01592
     92/99     9.36G   0.04136   0.06403   0.01969    0.1251       189       640    0.4179    0.6447    0.5734    0.3848    0.0384   0.05295   0.01587
     93/99     9.36G   0.04128   0.06403   0.01956    0.1249       179       640    0.4182    0.6458    0.5743    0.3854   0.03836   0.05292   0.01582
     94/99     9.36G   0.04129   0.06402   0.01953    0.1248       155       640    0.4164    0.6457    0.5747    0.3858   0.03833   0.05289   0.01577
     95/99     9.36G   0.04128   0.06377   0.01942    0.1245       223       640    0.4154    0.6476    0.5756    0.3866    0.0383   0.05285   0.01573
     96/99     9.36G   0.04118   0.06374   0.01946    0.1244       235       640    0.4153    0.6483    0.5766    0.3874   0.03826   0.05283   0.01568
     97/99     9.36G    0.0411   0.06357   0.01934     0.124       183       640    0.4163     0.649    0.5769    0.3883   0.03824    0.0528   0.01564
     98/99     9.36G   0.04115   0.06383    0.0193    0.1243       211       640    0.4153    0.6494    0.5771    0.3885   0.03822   0.05279   0.01562
     99/99     9.36G    0.0411   0.06361   0.01925     0.124       156       640    0.4151    0.6499    0.5847    0.4016    0.0382   0.05277   0.01558
