      0/99     3.84G   0.08394   0.08226   0.07956    0.2458       220       640   0.08181  0.005778   0.01058  0.003665   0.07753    0.0729   0.07292
      1/99     10.5G   0.06774   0.08187   0.06361    0.2132       192       640    0.1987    0.1127   0.09059   0.04224   0.06155   0.06773   0.05185
      2/99     10.5G   0.06288   0.07914   0.05215    0.1942       134       640    0.2723    0.2269    0.1764   0.08998   0.05624   0.06525    0.0415
      3/99     10.5G   0.05932   0.07774    0.0456    0.1827       167       640    0.2744    0.3048    0.2414     0.131   0.05305   0.06338   0.03586
      4/99     10.5G   0.05705   0.07614   0.04147    0.1747       169       640    0.2881    0.3671    0.2909    0.1641   0.05105   0.06215   0.03238
      5/99     10.5G   0.05554   0.07543   0.03893    0.1699       262       640    0.2977       0.4    0.3203    0.1842   0.04981   0.06127   0.03016
      6/99     10.5G   0.05455   0.07453   0.03708    0.1662       164       640    0.3042     0.419    0.3402     0.199   0.04899   0.06075   0.02889
      7/99     10.5G    0.0538   0.07402   0.03575    0.1636       162       640     0.315    0.4297    0.3534    0.2087   0.04845   0.06036   0.02807
      8/99     10.5G   0.05318    0.0736   0.03458    0.1614       193       640    0.3244     0.435    0.3626    0.2153   0.04809   0.06011    0.0275
      9/99     10.5G   0.05271   0.07305   0.03373    0.1595       198       640    0.3369    0.4354    0.3691    0.2195   0.04782   0.05994   0.02708
     10/99     10.5G   0.05225   0.07291   0.03309    0.1582       215       640    0.3492     0.435    0.3741    0.2239   0.04759   0.05984   0.02673
     11/99     10.5G   0.05177   0.07221   0.03251    0.1565       219       640    0.3664    0.4336    0.3793    0.2278   0.04739   0.05981   0.02642
     12/99     10.5G   0.05151   0.07221   0.03191    0.1556       209       640    0.3817    0.4302     0.384    0.2317    0.0472   0.05983   0.02613
     13/99     10.5G   0.05129   0.07206   0.03152    0.1549       172       640    0.3975    0.4273    0.3882    0.2352   0.04702   0.05991   0.02585
     14/99     10.5G   0.05099    0.0717   0.03106    0.1538       209       640    0.4134    0.4253    0.3928    0.2384   0.04684      0.06   0.02555
     15/99     10.5G   0.05072    0.0716   0.03071     0.153       184       640    0.4274    0.4243    0.3971    0.2413   0.04666   0.06008   0.02524
     16/99     10.5G   0.05053   0.07128   0.03041    0.1522       153       640    0.4391     0.425    0.4015     0.245   0.04648   0.06015   0.02493
     17/99     10.5G   0.05035   0.07104   0.03003    0.1514       188       640    0.4495    0.4266    0.4066     0.249   0.04627   0.06016    0.0246
     18/99     10.5G   0.05015   0.07078   0.02974    0.1507       206       640    0.4567    0.4291    0.4118    0.2531   0.04607   0.06015   0.02426
     19/99     10.5G   0.04999   0.07107   0.02952    0.1506       205       640    0.4651    0.4335    0.4175    0.2575   0.04586   0.06006   0.02392
     20/99     10.5G   0.04982   0.07094   0.02926      0.15       152       640    0.4669    0.4377    0.4228    0.2614   0.04565   0.05993   0.02359
     21/99     10.5G   0.04967   0.07053   0.02902    0.1492       252       640    0.4676    0.4424    0.4275    0.2651   0.04544   0.05976   0.02327
     22/99     10.5G   0.04953   0.07052   0.02878    0.1488       164       640    0.4691     0.447     0.432    0.2685   0.04523   0.05956   0.02297
     23/99     10.5G   0.04943   0.07046   0.02864    0.1485       101       640    0.4721    0.4532    0.4378    0.2722   0.04502   0.05935   0.02268
     24/99     10.5G    0.0492   0.07023   0.02837    0.1478       200       640    0.4685    0.4581    0.4426    0.2761   0.04482   0.05914    0.0224
     25/99     10.5G   0.04912   0.07003   0.02826    0.1474       283       640    0.4716    0.4647    0.4472    0.2797   0.04463   0.05889   0.02213
     26/99     10.5G   0.04897      0.07   0.02805     0.147       142       640    0.4696    0.4716    0.4512    0.2832   0.04444   0.05862   0.02188
     27/99     10.5G   0.04887   0.06987   0.02777    0.1465       227       640    0.4641     0.478    0.4553    0.2869   0.04425   0.05835   0.02163
     28/99     10.5G   0.04871   0.06977   0.02777    0.1463       226       640    0.4605    0.4835    0.4597    0.2898   0.04407    0.0581   0.02141
     29/99     10.5G   0.04862   0.06981   0.02745    0.1459       120       640    0.4598    0.4883    0.4638    0.2927   0.04392   0.05789   0.02119
     30/99     10.5G   0.04848   0.06961   0.02727    0.1454       143       640    0.4577     0.493    0.4675    0.2957   0.04376   0.05769   0.02098
     31/99     10.5G   0.04834   0.06964   0.02718    0.1452       202       640    0.4542    0.4979     0.471    0.2987   0.04362   0.05749   0.02079
     32/99     10.5G   0.04828    0.0694   0.02709    0.1448       164       640    0.4526     0.504    0.4741    0.3015   0.04348    0.0573   0.02061
     33/99     10.5G   0.04817   0.06946   0.02684    0.1445       174       640     0.452    0.5096    0.4776    0.3039   0.04335   0.05711   0.02045
     34/99     10.5G   0.04805   0.06925   0.02677    0.1441       254       640    0.4498    0.5152    0.4808    0.3061   0.04322   0.05692    0.0203
     35/99     10.5G   0.04797    0.0692   0.02654    0.1437       150       640     0.447    0.5199    0.4835    0.3084    0.0431   0.05675   0.02016
     36/99     10.5G    0.0479   0.06902   0.02641    0.1433       218       640    0.4454    0.5242    0.4863    0.3104   0.04299   0.05659   0.02002
     37/99     10.5G   0.04774    0.0692    0.0263    0.1432       201       640    0.4438    0.5287     0.489    0.3125   0.04287   0.05642   0.01988
     38/99     10.5G   0.04762   0.06896    0.0262    0.1428       200       640    0.4419    0.5312    0.4918    0.3147   0.04275   0.05628   0.01974
     39/99     10.5G   0.04747    0.0686   0.02593     0.142       182       640    0.4405    0.5349     0.494    0.3164   0.04265   0.05614   0.01961
     40/99     10.5G   0.04746   0.06892   0.02594    0.1423       209       640    0.4373    0.5393    0.4975    0.3187   0.04255     0.056   0.01948
     41/99     10.5G    0.0473   0.06894   0.02572     0.142       196       640    0.4373     0.542    0.4998    0.3209   0.04246   0.05588   0.01936
     42/99     10.5G    0.0472   0.06863   0.02562    0.1414       207       640    0.4486    0.5469    0.5026    0.3228   0.04237   0.05576   0.01924
     43/99     10.5G    0.0471   0.06868   0.02551    0.1413       195       640    0.4451    0.5477    0.5039    0.3242   0.04229   0.05564   0.01913
     44/99     10.5G   0.04702   0.06857   0.02534    0.1409       174       640    0.4438    0.5505    0.5062    0.3259    0.0422   0.05553   0.01902
     45/99     10.5G   0.04693   0.06847   0.02525    0.1406       161       640    0.4424    0.5541    0.5077    0.3275   0.04211   0.05543   0.01892
     46/99     10.5G   0.04679   0.06824    0.0251    0.1401       200       640    0.4427    0.5577      0.51    0.3288   0.04203   0.05534   0.01882
     47/99     10.5G   0.04672   0.06832   0.02491    0.1399       219       640    0.4419    0.5608    0.5126    0.3306   0.04195   0.05524   0.01873
     48/99     10.5G   0.04654   0.06795   0.02475    0.1392       192       640    0.4406    0.5637    0.5143    0.3319   0.04188   0.05515   0.01864
     49/99     10.5G   0.04654   0.06828   0.02471    0.1395       201       640    0.4402    0.5661    0.5157    0.3335    0.0418   0.05508   0.01854
     50/99     10.5G   0.04634   0.06816   0.02452     0.139       151       640    0.4393     0.568    0.5172    0.3346   0.04173   0.05499   0.01845
     51/99     10.5G   0.04633   0.06784   0.02436    0.1385       244       640    0.4384    0.5704     0.519    0.3359   0.04166   0.05491   0.01837
     52/99     10.5G   0.04621   0.06785    0.0242    0.1383       227       640    0.4386    0.5746    0.5216    0.3371   0.04159   0.05485   0.01828
     53/99     10.5G   0.04607   0.06761   0.02412    0.1378       224       640    0.4396    0.5785    0.5239    0.3385   0.04153   0.05478   0.01819
     54/99     10.5G   0.04605   0.06739   0.02409    0.1375       198       640    0.4383    0.5798    0.5253    0.3395   0.04147   0.05472   0.01811
     55/99     10.5G   0.04589   0.06727    0.0238     0.137       194       640    0.4377    0.5841    0.5273    0.3406    0.0414   0.05465   0.01804
     56/99     10.5G   0.04582   0.06736   0.02371    0.1369       221       640    0.4361    0.5857    0.5278    0.3411   0.04134   0.05459   0.01798
     57/99     10.5G   0.04567   0.06734   0.02346    0.1365       194       640    0.4345    0.5871    0.5297    0.3427   0.04128   0.05453    0.0179
     58/99     10.5G   0.04556   0.06732   0.02334    0.1362       140       640    0.4342    0.5884    0.5308    0.3436   0.04122   0.05447   0.01783
     59/99     10.5G   0.04545   0.06702    0.0233    0.1358       241       640    0.4331    0.5896     0.532    0.3449   0.04117   0.05442   0.01775
     60/99     10.5G   0.04538   0.06706   0.02319    0.1356       200       640    0.4331    0.5912     0.533     0.346   0.04112   0.05438   0.01769
     61/99     10.5G   0.04531   0.06713     0.023    0.1354       136       640    0.4334    0.5924    0.5343    0.3473   0.04106   0.05433   0.01761
     62/99     10.5G   0.04514     0.067   0.02282     0.135       238       640    0.4334    0.5931    0.5363    0.3486     0.041   0.05428   0.01755
     63/99     10.5G     0.045   0.06649    0.0227    0.1342       147       640    0.4334    0.5949    0.5375    0.3493   0.04095   0.05424   0.01748
     64/99     10.5G   0.04498   0.06668   0.02259    0.1343       259       640    0.4328    0.5952    0.5386      0.35   0.04089   0.05419   0.01742
     65/99     10.5G   0.04486    0.0666   0.02244    0.1339       159       640    0.4326     0.597    0.5401    0.3506   0.04085   0.05416   0.01736
     66/99     10.5G   0.04475   0.06667   0.02233    0.1338       214       640    0.4321    0.5983    0.5414    0.3516    0.0408   0.05412    0.0173
     67/99     10.5G   0.04466    0.0663   0.02223    0.1332       188       640    0.4318    0.6007    0.5429     0.353   0.04075   0.05407   0.01723
     68/99     10.5G   0.04455   0.06628   0.02207    0.1329       124       640    0.4316    0.6023    0.5445    0.3531    0.0407   0.05403   0.01715
     69/99     10.5G   0.04439   0.06592   0.02194    0.1322       123       640     0.433    0.6032    0.5456    0.3539   0.04067   0.05401   0.01709
     70/99     10.5G   0.04442   0.06602   0.02193    0.1324       180       640    0.4337     0.605     0.547    0.3554   0.04063   0.05398   0.01704
     71/99     10.5G   0.04423   0.06597   0.02163    0.1318       158       640     0.434    0.6067    0.5478    0.3558   0.04058   0.05395   0.01699
     72/99     10.5G   0.04415   0.06601    0.0215    0.1317       162       640    0.4336    0.6091    0.5494    0.3573   0.04053    0.0539   0.01692
     73/99     10.5G   0.04403   0.06583   0.02141    0.1313       212       640    0.4324    0.6106    0.5509    0.3586   0.04047   0.05386   0.01685
     74/99     10.5G   0.04395   0.06564   0.02125    0.1308       159       640    0.4332    0.6128    0.5517    0.3596   0.04043   0.05384   0.01677
     75/99     10.5G   0.04382   0.06556   0.02113    0.1305       155       640    0.4314    0.6146    0.5523    0.3602   0.04038   0.05381   0.01672
     76/99     10.5G   0.04379   0.06561   0.02094    0.1303       256       640     0.432    0.6159    0.5538    0.3613   0.04034   0.05378   0.01666
     77/99     10.5G   0.04367   0.06547    0.0209      0.13       195       640    0.4341    0.6173    0.5553    0.3619    0.0403   0.05375   0.01659
     78/99     10.5G   0.04362   0.06551   0.02078    0.1299       212       640    0.4336    0.6183    0.5567    0.3626   0.04026   0.05371   0.01655
     79/99     10.5G   0.04348   0.06524   0.02062    0.1293       177       640    0.4446    0.6219    0.5582     0.364   0.04022   0.05367    0.0165
     80/99     10.5G   0.04336   0.06516   0.02052     0.129       259       640    0.4425    0.6228    0.5588    0.3649   0.04019   0.05362   0.01646
     81/99     10.5G   0.04334   0.06479    0.0204    0.1285       177       640    0.4293    0.6225    0.5595    0.3659   0.04015   0.05358   0.01642
     82/99     10.5G   0.04317   0.06479   0.02026    0.1282       197       640    0.4424    0.6239    0.5607    0.3669   0.04011   0.05355   0.01638
     83/99     10.5G   0.04308   0.06478   0.02023    0.1281       253       640    0.4292     0.623    0.5608    0.3674   0.04007   0.05352   0.01633
     84/99     10.5G   0.04299    0.0646   0.02009    0.1277       163       640    0.4283    0.6242     0.562    0.3682   0.04004   0.05349   0.01628
     85/99     10.5G   0.04295   0.06466   0.01997    0.1276       194       640    0.4286    0.6245    0.5625    0.3689      0.04   0.05347   0.01625
     86/99     10.5G   0.04286   0.06455   0.01987    0.1273       191       640    0.4278    0.6257    0.5632    0.3694   0.03996   0.05344   0.01621
     87/99     10.5G   0.04282   0.06459   0.01977    0.1272       199       640    0.4272    0.6268    0.5641    0.3701   0.03993   0.05342   0.01618
     88/99     10.5G   0.04276   0.06454   0.01971     0.127       214       640    0.4276    0.6269    0.5647    0.3703   0.03991    0.0534   0.01613
     89/99     10.5G   0.04264   0.06437   0.01955    0.1266       185       640    0.4274    0.6266    0.5649    0.3711   0.03988   0.05338    0.0161
     90/99     10.5G   0.04262   0.06444   0.01953    0.1266       147       640    0.4272    0.6281    0.5662    0.3717   0.03985   0.05334   0.01607
     91/99     10.5G   0.04259   0.06418    0.0195    0.1263       169       640     0.426    0.6288    0.5668    0.3722   0.03982   0.05331   0.01604
     92/99     10.5G   0.04252   0.06401   0.01938    0.1259       184       640    0.4376      0.63    0.5679     0.373   0.03979   0.05329   0.01601
     93/99     10.5G    0.0425   0.06423   0.01927     0.126       182       640    0.4368    0.6309    0.5684    0.3735   0.03976   0.05327   0.01598
     94/99     10.5G   0.04245   0.06427   0.01922    0.1259       231       640    0.4374    0.6316     0.569     0.374   0.03973   0.05325   0.01596
     95/99     10.5G   0.04246   0.06385   0.01929    0.1256       160       640    0.4379    0.6334    0.5691    0.3745    0.0397   0.05324   0.01592
     96/99     10.5G   0.04232   0.06388    0.0192    0.1254       217       640    0.4381    0.6346    0.5694    0.3747   0.03967   0.05322   0.01589
     97/99     10.5G    0.0423   0.06403   0.01912    0.1254       208       640    0.4361    0.6341    0.5701    0.3752   0.03965    0.0532   0.01586
     98/99     10.5G   0.04233   0.06416   0.01918    0.1257       251       640    0.4362    0.6365    0.5708    0.3758   0.03963   0.05318   0.01584
     99/99     10.5G   0.04231   0.06391    0.0191    0.1253       153       640    0.4363    0.6372    0.5784    0.3889    0.0396   0.05317   0.01582
