      0/99     7.75G   0.08378   0.08235   0.07967    0.2458       216       640   0.07607   0.01413   0.01956  0.007308   0.07045   0.07072   0.06985
      1/99     9.02G   0.06735   0.08173   0.06377    0.2129       197       640    0.2183    0.1197   0.09632   0.04627   0.06094   0.06784   0.05159
      2/99     9.02G   0.06281   0.07921   0.05246    0.1945       155       640    0.2895    0.2323      0.18   0.09371   0.05598    0.0652   0.04172
      3/99     9.02G    0.0594   0.07764   0.04588    0.1829       250       640    0.2802     0.316    0.2456    0.1368   0.05261   0.06335   0.03597
      4/99     9.02G   0.05689   0.07611   0.04169    0.1747       172       640    0.2923    0.3683    0.2909    0.1665   0.05069    0.0621   0.03265
      5/99     9.02G   0.05538    0.0753   0.03907    0.1697       172       640    0.3006    0.4006    0.3215    0.1881   0.04945   0.06124   0.03061
      6/99     9.02G   0.05427   0.07464   0.03727    0.1662       171       640    0.2963    0.4185    0.3384    0.1999   0.04861   0.06071   0.02925
      7/99     9.02G    0.0534   0.07393   0.03579    0.1631       143       640    0.3052    0.4276    0.3504    0.2095   0.04806   0.06031   0.02844
      8/99     9.02G   0.05278   0.07335   0.03482     0.161       141       640    0.3168    0.4321    0.3592     0.216   0.04769   0.06005   0.02785
      9/99     9.02G   0.05224   0.07307   0.03389    0.1592       214       640    0.3308    0.4343    0.3663    0.2211   0.04738   0.05988   0.02742
     10/99     9.02G    0.0518   0.07244   0.03327    0.1575       185       640    0.3443    0.4348    0.3715    0.2257   0.04713   0.05978   0.02706
     11/99     9.02G    0.0514   0.07247   0.03261    0.1565       178       640    0.3594     0.433     0.377    0.2296   0.04691   0.05974   0.02674
     12/99     9.02G   0.05115   0.07224   0.03213    0.1555       191       640    0.3745    0.4296    0.3812    0.2328   0.04672   0.05975   0.02644
     13/99     9.02G   0.05078   0.07191    0.0316    0.1543       238       640    0.3883    0.4272    0.3853    0.2359   0.04654   0.05983   0.02617
     14/99     9.02G   0.05052   0.07148   0.03128    0.1533       175       640    0.4046    0.4252    0.3889    0.2396   0.04637   0.05991   0.02591
     15/99     9.02G   0.05028   0.07143   0.03077    0.1525       170       640     0.417     0.423    0.3936    0.2429    0.0462      0.06   0.02563
     16/99     9.02G   0.05004   0.07099   0.03053    0.1516       166       640    0.4286    0.4218    0.3981    0.2459   0.04603   0.06005   0.02535
     17/99     9.02G   0.04977     0.071   0.03011    0.1509       177       640    0.4387    0.4222    0.4029    0.2493   0.04585    0.0601   0.02506
     18/99     9.02G   0.04967    0.0712   0.02983    0.1507       235       640    0.4589    0.4238    0.4079    0.2531   0.04566    0.0601   0.02476
     19/99     9.02G   0.04946   0.07088   0.02974    0.1501       139       640    0.4652    0.4267    0.4125    0.2565   0.04545   0.06006   0.02447
     20/99     9.02G   0.04929   0.07074   0.02943    0.1495       168       640    0.4703    0.4307     0.418    0.2601   0.04524   0.05999   0.02418
     21/99     9.02G   0.04918   0.07052   0.02918    0.1489       180       640    0.4744    0.4366    0.4228     0.264   0.04504   0.05984   0.02389
     22/99     9.02G   0.04893   0.07037   0.02893    0.1482       222       640    0.4752    0.4419    0.4285    0.2681   0.04483   0.05966   0.02359
     23/99     9.02G   0.04879   0.07031   0.02868    0.1478       138       640    0.4739    0.4477    0.4334     0.272   0.04462   0.05945   0.02329
     24/99     9.02G    0.0487   0.07031   0.02856    0.1476       243       640    0.4729     0.455    0.4384     0.276    0.0444    0.0592     0.023
     25/99     9.02G   0.04854   0.07015   0.02831     0.147       245       640     0.472    0.4612    0.4436    0.2797   0.04419   0.05896   0.02271
     26/99     9.02G   0.04844   0.06986   0.02813    0.1464       180       640    0.4711    0.4685    0.4493    0.2837   0.04398   0.05871   0.02243
     27/99     9.02G   0.04824   0.06958   0.02797    0.1458       243       640    0.4657    0.4749     0.454    0.2874   0.04378   0.05844   0.02217
     28/99     9.02G   0.04813   0.06982   0.02774    0.1457       263       640     0.466    0.4816    0.4588    0.2909   0.04359   0.05822   0.02193
     29/99     9.02G   0.04801   0.06959   0.02754    0.1451       283       640    0.4646    0.4873    0.4631    0.2939   0.04342   0.05797    0.0217
     30/99     9.02G   0.04797   0.06959    0.0274     0.145       164       640    0.4633    0.4945    0.4677    0.2973   0.04324   0.05772   0.02147
     31/99     9.02G   0.04775   0.06954   0.02727    0.1446       172       640    0.4618       0.5    0.4716    0.3002   0.04307   0.05751   0.02125
     32/99     9.02G   0.04761   0.06922   0.02721     0.144       158       640    0.4577    0.5053    0.4744    0.3028   0.04291    0.0573   0.02104
     33/99     9.02G   0.04752   0.06912   0.02694    0.1436       237       640    0.4553    0.5106    0.4779    0.3057   0.04276   0.05709   0.02084
     34/99     9.02G    0.0474   0.06912   0.02693    0.1435       174       640    0.4541    0.5157    0.4819    0.3086   0.04261   0.05689   0.02065
     35/99     9.02G   0.04732   0.06938   0.02669    0.1434       205       640    0.4499     0.521    0.4851    0.3109   0.04248   0.05669   0.02047
     36/99     9.02G   0.04711   0.06896    0.0265    0.1426       120       640    0.4473    0.5249    0.4877    0.3129   0.04236   0.05651    0.0203
     37/99     9.02G   0.04707   0.06875   0.02638    0.1422       230       640    0.4449    0.5298    0.4904    0.3148   0.04224   0.05635   0.02014
     38/99     9.02G   0.04692   0.06887   0.02612    0.1419       238       640    0.4428    0.5331    0.4932     0.317   0.04213   0.05621   0.01999
     39/99     9.02G    0.0469   0.06883    0.0261    0.1418       124       640    0.4423     0.536    0.4953    0.3189   0.04202   0.05607   0.01985
     40/99     9.02G   0.04676   0.06868   0.02583    0.1413       152       640    0.4408    0.5406    0.4974    0.3209   0.04192   0.05594   0.01971
     41/99     9.02G   0.04663   0.06863   0.02583    0.1411       267       640    0.4385    0.5446    0.4999    0.3229   0.04182   0.05581   0.01957
     42/99     9.02G   0.04652   0.06858   0.02561    0.1407       256       640    0.4361    0.5483    0.5022    0.3249   0.04172    0.0557   0.01943
     43/99     9.02G   0.04643   0.06842   0.02549    0.1403       186       640     0.435     0.552    0.5043    0.3262   0.04163   0.05559   0.01931
     44/99     9.02G   0.04632   0.06832   0.02548    0.1401       204       640     0.434    0.5552    0.5059    0.3276   0.04153   0.05549   0.01918
     45/99     9.02G   0.04617     0.068   0.02515    0.1393       192       640    0.4333    0.5597    0.5081    0.3289   0.04145    0.0554   0.01907
     46/99     9.02G   0.04613   0.06819   0.02508    0.1394       156       640    0.4319    0.5621    0.5101    0.3304   0.04136    0.0553   0.01896
     47/99     9.02G     0.046   0.06813   0.02493    0.1391       187       640    0.4312    0.5637    0.5123    0.3323   0.04127   0.05521   0.01884
     48/99     9.02G    0.0459   0.06791   0.02488    0.1387       239       640    0.4303     0.567    0.5145    0.3339   0.04119   0.05512   0.01874
     49/99     9.02G   0.04578   0.06774   0.02467    0.1382       147       640    0.4288    0.5687    0.5162    0.3353   0.04111   0.05505   0.01865
     50/99     9.02G   0.04566   0.06775   0.02452    0.1379       163       640    0.4283    0.5711    0.5178    0.3366   0.04103   0.05497   0.01856
     51/99     9.02G   0.04557   0.06744    0.0244    0.1374       193       640    0.4265    0.5735    0.5197    0.3382   0.04095   0.05489   0.01845
     52/99     9.02G   0.04546   0.06762   0.02429    0.1374       222       640    0.4254    0.5764    0.5211      0.34   0.04088   0.05481   0.01836
     53/99     9.02G   0.04535   0.06754   0.02407     0.137       196       640    0.4251    0.5791    0.5231    0.3415   0.04081   0.05474   0.01826
     54/99     9.02G   0.04524   0.06726   0.02404    0.1365       159       640     0.424    0.5819    0.5248    0.3427   0.04073   0.05466   0.01816
     55/99     9.02G   0.04514   0.06715   0.02388    0.1362       228       640    0.4231    0.5838    0.5264    0.3439   0.04066   0.05459   0.01806
     56/99     9.02G   0.04505   0.06703   0.02373    0.1358       267       640    0.4215    0.5867     0.528    0.3456   0.04058   0.05452   0.01797
     57/99     9.02G   0.04495   0.06718   0.02355    0.1357       226       640    0.4201     0.588    0.5294     0.347   0.04051   0.05445   0.01787
     58/99     9.02G   0.04484   0.06691   0.02338    0.1351       135       640    0.4208    0.5904    0.5315    0.3481   0.04043   0.05439   0.01778
     59/99     9.02G    0.0447   0.06668    0.0234    0.1348       187       640    0.4206     0.593     0.533    0.3496   0.04036   0.05433   0.01769
     60/99     9.02G   0.04459   0.06682   0.02316    0.1346       194       640      0.42    0.5947    0.5345    0.3502   0.04029   0.05427   0.01759
     61/99     9.02G   0.04448   0.06662   0.02303    0.1341       187       640    0.4188     0.597    0.5355    0.3518   0.04023   0.05421   0.01751
     62/99     9.02G   0.04438    0.0668   0.02286     0.134       194       640    0.4172    0.5986    0.5368    0.3528   0.04017   0.05416   0.01743
     63/99     9.02G   0.04429   0.06652   0.02271    0.1335       203       640    0.4173    0.5999    0.5384    0.3542   0.04012   0.05409   0.01734
     64/99     9.02G   0.04418   0.06635   0.02256    0.1331       133       640    0.4178    0.6027    0.5404    0.3558   0.04007   0.05403   0.01727
     65/99     9.02G   0.04405    0.0663    0.0224    0.1328       174       640    0.4176     0.604    0.5415    0.3571   0.04001   0.05398    0.0172
     66/99     9.02G   0.04402   0.06613   0.02231    0.1325       120       640    0.4178     0.606    0.5438    0.3584   0.03996   0.05394   0.01711
     67/99     9.02G   0.04384   0.06606   0.02214     0.132       128       640    0.4178    0.6074     0.545    0.3597   0.03992    0.0539   0.01706
     68/99     9.02G   0.04376   0.06606   0.02206    0.1319       136       640    0.4183    0.6089    0.5467     0.361   0.03987   0.05385   0.01699
     69/99     9.02G   0.04364   0.06602   0.02189    0.1315       162       640    0.4296    0.6114    0.5489    0.3622   0.03981    0.0538   0.01692
     70/99     9.02G   0.04353   0.06597   0.02167    0.1312       188       640    0.4292    0.6125    0.5505    0.3632   0.03976   0.05375   0.01685
     71/99     9.02G   0.04343   0.06563   0.02157    0.1306       184       640    0.4291    0.6135    0.5519    0.3643    0.0397   0.05371   0.01677
     72/99     9.02G   0.04332   0.06564   0.02155    0.1305       175       640    0.4277    0.6147    0.5522    0.3653   0.03965   0.05367   0.01671
     73/99     9.02G   0.04327   0.06564   0.02144    0.1303       173       640    0.4282    0.6157     0.553    0.3662   0.03959   0.05362   0.01665
     74/99     9.02G   0.04314   0.06531   0.02121    0.1297       217       640    0.4279    0.6165     0.554    0.3673   0.03954   0.05357   0.01658
     75/99     9.02G   0.04301    0.0653   0.02103    0.1293       162       640    0.4285    0.6179    0.5561    0.3688   0.03949   0.05353   0.01652
     76/99     9.02G   0.04301   0.06527   0.02093    0.1292       214       640     0.428    0.6196    0.5567    0.3696   0.03944   0.05348   0.01646
     77/99     9.02G   0.04281   0.06525   0.02078    0.1288       167       640    0.4282    0.6215    0.5577    0.3707   0.03939   0.05344    0.0164
     78/99     9.02G   0.04274   0.06502   0.02071    0.1285       202       640    0.4279    0.6223    0.5584    0.3717   0.03935    0.0534   0.01635
     79/99     9.02G   0.04263   0.06483   0.02061    0.1281       165       640    0.4289    0.6241    0.5601     0.373    0.0393   0.05335   0.01629
     80/99     9.02G   0.04258   0.06486   0.02046    0.1279       165       640    0.4282    0.6249    0.5609    0.3734   0.03925   0.05331   0.01624
     81/99     9.02G   0.04248    0.0649   0.02033    0.1277       236       640     0.429    0.6267    0.5623     0.374    0.0392   0.05327    0.0162
     82/99     9.02G   0.04243   0.06494   0.02031    0.1277       175       640    0.4283    0.6274    0.5636    0.3752   0.03915   0.05323   0.01616
     83/99     9.02G   0.04227   0.06477    0.0201    0.1271       225       640    0.4291    0.6277    0.5642    0.3757   0.03911   0.05319   0.01611
     84/99     9.02G   0.04221   0.06453   0.02013    0.1269       181       640    0.4296    0.6283    0.5658    0.3773   0.03907   0.05315   0.01606
     85/99     9.02G    0.0421   0.06429   0.01991    0.1263       120       640    0.4293    0.6297    0.5664    0.3785   0.03903   0.05312   0.01601
     86/99     9.02G   0.04202   0.06432   0.01978    0.1261       152       640    0.4285    0.6308    0.5678    0.3792   0.03899   0.05308   0.01596
     87/99     9.02G   0.04203   0.06419   0.01974     0.126       166       640    0.4297    0.6318    0.5681    0.3796   0.03895   0.05305   0.01591
     88/99     9.02G   0.04189   0.06404   0.01964    0.1256       188       640    0.4264     0.633    0.5687    0.3803   0.03892   0.05302   0.01586
     89/99     9.02G   0.04189   0.06409   0.01956    0.1255       220       640    0.4245    0.6352    0.5694    0.3807   0.03889     0.053   0.01583
     90/99     9.02G    0.0418    0.0642   0.01943    0.1254       170       640    0.4244    0.6366    0.5703    0.3814   0.03885   0.05298   0.01579
     91/99     9.02G   0.04176   0.06381   0.01937    0.1249       138       640    0.4224    0.6385    0.5709    0.3819   0.03882   0.05296   0.01576
     92/99     9.02G    0.0417   0.06389   0.01935    0.1249       189       640    0.4233    0.6409    0.5713    0.3822    0.0388   0.05295   0.01572
     93/99     9.02G   0.04163    0.0639   0.01924    0.1248       179       640    0.4208    0.6406     0.572    0.3831   0.03877   0.05294   0.01569
     94/99     9.02G   0.04161   0.06388   0.01919    0.1247       155       640    0.4189      0.64    0.5721    0.3836   0.03875   0.05292   0.01565
     95/99     9.02G   0.04159   0.06362   0.01907    0.1243       223       640    0.4196    0.6418    0.5734    0.3846   0.03871    0.0529   0.01561
     96/99     9.02G   0.04152   0.06362   0.01914    0.1243       235       640     0.419     0.642    0.5738    0.3854   0.03868   0.05288   0.01558
     97/99     9.02G   0.04144   0.06346   0.01905    0.1239       183       640    0.4186    0.6429    0.5744    0.3856   0.03866   0.05286   0.01555
     98/99     9.02G    0.0415   0.06374   0.01905    0.1243       211       640     0.419    0.6435    0.5751    0.3862   0.03863   0.05284   0.01553
     99/99     9.02G   0.04144    0.0635   0.01893    0.1239       156       640     0.419    0.6444    0.5834    0.3995   0.03862   0.05283   0.01549
