      0/99     7.86G   0.08339   0.08236   0.07933    0.2451       170       640   0.07869   0.01652    0.0217  0.008129   0.06948    0.0714   0.06845
      1/99     9.51G   0.06655   0.08141   0.06292    0.2109       279       640    0.2006    0.1226   0.09679   0.04497   0.06009   0.06749   0.05102
      2/99     9.51G   0.06209     0.079   0.05179    0.1929       207       640    0.2734    0.2208    0.1761   0.08855   0.05564    0.0654   0.04131
      3/99     9.51G   0.05882   0.07732   0.04535    0.1815       180       640    0.2773     0.301    0.2386    0.1269   0.05265   0.06383   0.03574
      4/99     9.51G   0.05666   0.07641    0.0415    0.1746       177       640    0.2847    0.3521    0.2806    0.1545   0.05087   0.06265   0.03242
      5/99     9.51G    0.0553   0.07553   0.03891    0.1697       253       640    0.2916    0.3865    0.3103    0.1736   0.04973   0.06189    0.0304
      6/99     9.51G   0.05435   0.07485   0.03711    0.1663       160       640    0.3025    0.4063    0.3303    0.1873   0.04899   0.06138    0.0291
      7/99     9.51G   0.05364   0.07436   0.03594    0.1639       150       640     0.317    0.4198    0.3433    0.1965   0.04846   0.06102   0.02828
      8/99     9.51G   0.05298   0.07385    0.0347    0.1615       156       640    0.3273    0.4235    0.3519    0.2026   0.04811   0.06077   0.02771
      9/99     9.51G   0.05262    0.0737   0.03396    0.1603       302       640    0.3375    0.4246    0.3586    0.2073   0.04785   0.06058   0.02728
     10/99     9.51G   0.05219   0.07306   0.03323    0.1585       202       640    0.3503     0.426    0.3644    0.2114   0.04762   0.06045   0.02691
     11/99     9.51G   0.05182   0.07317   0.03262    0.1576       190       640    0.3623    0.4244    0.3694    0.2157   0.04742   0.06036   0.02657
     12/99     9.51G   0.05146    0.0726   0.03203    0.1561       263       640    0.3759    0.4232    0.3746    0.2199   0.04724   0.06034   0.02627
     13/99     9.51G   0.05118   0.07264   0.03164    0.1555       230       640    0.3899    0.4214    0.3796    0.2234   0.04705   0.06034   0.02598
     14/99     9.51G   0.05103   0.07244   0.03126    0.1547       137       640    0.4028    0.4207    0.3845    0.2273   0.04687   0.06035   0.02569
     15/99     9.51G   0.05075   0.07183   0.03079    0.1534       204       640    0.4144    0.4218      0.39    0.2309   0.04669   0.06035   0.02539
     16/99     9.51G    0.0505   0.07195   0.03051     0.153       161       640    0.4354    0.4232    0.3948    0.2344    0.0465   0.06035   0.02509
     17/99     9.51G   0.05033   0.07163   0.03015    0.1521       155       640    0.4447    0.4244    0.3999    0.2382   0.04631   0.06035   0.02478
     18/99     9.51G   0.05016   0.07143   0.02984    0.1514       150       640    0.4501    0.4272    0.4046    0.2421   0.04611   0.06031   0.02446
     19/99     9.51G   0.04998   0.07143   0.02958     0.151       168       640    0.4539    0.4312    0.4098    0.2457   0.04592   0.06021   0.02413
     20/99     9.51G   0.04981   0.07143   0.02941    0.1506       153       640    0.4571    0.4363    0.4152    0.2495   0.04572   0.06011   0.02381
     21/99     9.51G   0.04975   0.07118   0.02912      0.15       150       640    0.4583    0.4403      0.42    0.2527   0.04552   0.05999    0.0235
     22/99     9.51G    0.0495   0.07115   0.02897    0.1496       164       640    0.4621     0.446     0.425     0.257   0.04533   0.05982    0.0232
     23/99     9.51G   0.04945   0.07092    0.0288    0.1492       152       640    0.4598    0.4504    0.4299    0.2606   0.04514   0.05966   0.02291
     24/99     9.52G   0.04931     0.071   0.02865     0.149       233       640    0.4581    0.4558    0.4345     0.264   0.04495   0.05947   0.02263
     25/99     9.52G   0.04914   0.07089   0.02844    0.1485       165       640    0.4596    0.4621    0.4386    0.2675   0.04475   0.05928   0.02236
     26/99     9.52G   0.04901   0.07068   0.02813    0.1478       169       640    0.4561    0.4673    0.4435     0.271   0.04457   0.05908   0.02209
     27/99     9.52G   0.04889   0.07054   0.02806    0.1475       219       640    0.4551    0.4734    0.4477    0.2743   0.04441   0.05888   0.02184
     28/99     9.52G   0.04875   0.07028   0.02785    0.1469       201       640    0.4512    0.4773     0.452    0.2774   0.04425    0.0587   0.02161
     29/99     9.52G   0.04867   0.07048   0.02772    0.1469       119       640    0.4475    0.4833    0.4565    0.2807   0.04409   0.05852    0.0214
     30/99     9.52G   0.04856   0.07044   0.02749    0.1465       189       640    0.4467    0.4884    0.4604    0.2835   0.04394   0.05835    0.0212
     31/99     9.52G   0.04844   0.07023   0.02733     0.146       173       640    0.4444     0.494    0.4638    0.2866    0.0438   0.05818   0.02102
     32/99     9.52G    0.0483   0.06985    0.0273    0.1454       171       640    0.4432    0.4987    0.4672    0.2893   0.04368   0.05802   0.02084
     33/99     9.52G   0.04821   0.06988   0.02704    0.1451       184       640    0.4423     0.504    0.4704     0.292   0.04356   0.05785   0.02066
     34/99     9.52G    0.0481   0.07009   0.02692    0.1451       196       640    0.4401    0.5076     0.474    0.2941   0.04345    0.0577   0.02048
     35/99     9.52G   0.04794   0.06957   0.02679    0.1443       150       640    0.4383    0.5118    0.4768     0.296   0.04334   0.05755   0.02032
     36/99     9.52G   0.04791    0.0696   0.02657    0.1441       181       640    0.4367    0.5165     0.479    0.2977   0.04324    0.0574   0.02018
     37/99     9.52G   0.04779   0.06964   0.02647    0.1439       220       640    0.4346    0.5205    0.4817    0.2998   0.04314   0.05725   0.02003
     38/99     9.52G   0.04767   0.06952   0.02637    0.1436       194       640    0.4326    0.5247    0.4842    0.3016   0.04304   0.05711   0.01989
     39/99     9.52G   0.04759   0.06952   0.02625    0.1434       154       640    0.4324    0.5298    0.4868    0.3036   0.04295   0.05698   0.01975
     40/99     9.52G   0.04746   0.06938   0.02598    0.1428       157       640    0.4317     0.534     0.489    0.3057   0.04285   0.05686   0.01961
     41/99     9.52G   0.04737   0.06944   0.02583    0.1426       188       640    0.4304    0.5372    0.4912    0.3075   0.04276   0.05674   0.01948
     42/99     9.52G   0.04734    0.0691    0.0259    0.1423       181       640    0.4279    0.5411    0.4933    0.3092   0.04268   0.05663   0.01938
     43/99     9.52G   0.04721   0.06909   0.02563    0.1419       189       640    0.4271    0.5441    0.4956    0.3112    0.0426   0.05653   0.01927
     44/99     9.52G   0.04706   0.06909    0.0254    0.1416       193       640     0.426    0.5464    0.4979    0.3129   0.04252   0.05643   0.01917
     45/99     9.52G     0.047    0.0687   0.02542    0.1411       175       640    0.4251    0.5505    0.4996    0.3143   0.04244   0.05632   0.01906
     46/99     9.52G   0.04691   0.06905   0.02526    0.1412       161       640    0.4243    0.5548    0.5021    0.3157   0.04237   0.05621   0.01896
     47/99     9.52G   0.04674   0.06868   0.02518    0.1406       204       640     0.423    0.5577    0.5041     0.317    0.0423   0.05613   0.01885
     48/99     9.52G   0.04666    0.0687   0.02489    0.1402       148       640    0.4217    0.5603    0.5064    0.3187   0.04222   0.05602   0.01873
     49/99     9.52G   0.04662   0.06877   0.02486    0.1402       186       640    0.4201    0.5628    0.5086    0.3197   0.04215   0.05594   0.01861
     50/99     9.52G   0.04643   0.06841   0.02465    0.1395       206       640    0.4194    0.5659    0.5105     0.321   0.04206   0.05586   0.01852
     51/99     9.52G   0.04639   0.06845   0.02458    0.1394       240       640      0.42     0.569    0.5119    0.3229   0.04198   0.05579   0.01844
     52/99     9.52G   0.04631   0.06835   0.02447    0.1391       195       640    0.4192    0.5713    0.5133    0.3241   0.04192   0.05573   0.01837
     53/99     9.52G   0.04618   0.06847   0.02429    0.1389       213       640    0.4181    0.5731    0.5156    0.3253   0.04185   0.05568    0.0183
     54/99     9.52G    0.0461   0.06828   0.02424    0.1386       131       640    0.4167    0.5737    0.5163    0.3267   0.04178   0.05562   0.01824
     55/99     9.52G     0.046   0.06812   0.02406    0.1382       240       640    0.4164    0.5762    0.5175     0.327   0.04173   0.05557   0.01817
     56/99     9.52G   0.04589   0.06804   0.02388    0.1378       253       640    0.4169    0.5779    0.5188     0.328   0.04168   0.05551    0.0181
     57/99     9.52G   0.04582    0.0681   0.02366    0.1376       181       640    0.4172    0.5797    0.5204    0.3291   0.04162   0.05546   0.01803
     58/99     9.52G   0.04567   0.06785   0.02361    0.1371       163       640    0.4158    0.5808    0.5217    0.3298   0.04157    0.0554   0.01797
     59/99     9.52G   0.04561   0.06789   0.02352     0.137       137       640    0.4152    0.5817    0.5232    0.3311   0.04152   0.05533    0.0179
     60/99     9.52G   0.04546   0.06757   0.02337    0.1364       241       640    0.4154    0.5833    0.5244    0.3324   0.04146   0.05528   0.01783
     61/99     9.52G   0.04544   0.06786   0.02322    0.1365       143       640    0.4154    0.5842    0.5259    0.3338    0.0414   0.05522   0.01774
     62/99     9.52G   0.04526   0.06755   0.02311    0.1359       224       640    0.4141    0.5848    0.5269    0.3349   0.04135   0.05517   0.01767
     63/99     9.52G   0.04519   0.06723   0.02303    0.1355       189       640    0.4144    0.5873    0.5283     0.336    0.0413   0.05512    0.0176
     64/99     9.52G   0.04503   0.06727   0.02287    0.1352       243       640    0.4133    0.5884    0.5298    0.3372   0.04125   0.05508   0.01754
     65/99     9.52G   0.04499   0.06728   0.02274     0.135       207       640    0.4148    0.5912    0.5314    0.3385    0.0412   0.05503   0.01746
     66/99     9.52G   0.04489   0.06711   0.02257    0.1346       130       640    0.4137    0.5931    0.5327    0.3393   0.04115   0.05498    0.0174
     67/99     9.52G   0.04475   0.06713   0.02244    0.1343       190       640    0.4128    0.5938    0.5337    0.3402   0.04109   0.05493   0.01733
     68/99     9.52G   0.04463   0.06707   0.02238    0.1341       214       640    0.4129    0.5956    0.5348    0.3408   0.04105   0.05489   0.01726
     69/99     9.52G   0.04449   0.06696    0.0222    0.1337       179       640    0.4122    0.5969     0.536    0.3416     0.041   0.05485    0.0172
     70/99     9.52G   0.04444   0.06692   0.02208    0.1334       164       640    0.4255    0.5988    0.5369     0.343   0.04095   0.05482   0.01714
     71/99     9.52G   0.04439   0.06695   0.02198    0.1333       155       640    0.4254    0.6003    0.5377    0.3441   0.04092   0.05478   0.01708
     72/99     9.52G   0.04432   0.06665   0.02188    0.1329       198       640    0.4247    0.6006    0.5384    0.3452   0.04088   0.05474   0.01705
     73/99     9.52G    0.0442   0.06656    0.0217    0.1325       214       640    0.4264    0.6032      0.54     0.346   0.04083   0.05471     0.017
     74/99     9.52G   0.04414   0.06667   0.02163    0.1324       265       640    0.4252    0.6039    0.5415    0.3466   0.04078   0.05467   0.01694
     75/99     9.52G   0.04403   0.06642    0.0215    0.1319       183       640    0.4253    0.6058    0.5426    0.3477   0.04074   0.05464   0.01687
     76/99     9.52G   0.04392    0.0665   0.02131    0.1317       152       640    0.4258    0.6072    0.5444    0.3485    0.0407   0.05458   0.01681
     77/99     9.52G   0.04383    0.0663   0.02123    0.1314       206       640    0.4255    0.6088    0.5451    0.3494   0.04066   0.05454   0.01675
     78/99     9.52G   0.04375   0.06619   0.02103     0.131       201       640    0.4241     0.609    0.5468    0.3507   0.04063    0.0545   0.01669
     79/99     9.52G   0.04364   0.06604   0.02093    0.1306       164       640    0.4231    0.6107    0.5485    0.3522   0.04059   0.05446   0.01662
     80/99     9.52G    0.0436   0.06611   0.02086    0.1306       170       640    0.4225    0.6117    0.5493    0.3528   0.04055   0.05442   0.01658
     81/99     9.52G   0.04351   0.06611   0.02081    0.1304       216       640    0.4272    0.6144     0.551    0.3542   0.04051   0.05439   0.01652
     82/99     9.52G   0.04341   0.06544   0.02073    0.1296       191       640     0.423    0.6158     0.552    0.3551   0.04047   0.05434   0.01648
     83/99     9.52G   0.04336   0.06577   0.02059    0.1297       234       640    0.4234    0.6176     0.553     0.356   0.04042    0.0543   0.01644
     84/99     9.52G   0.04324   0.06561   0.02054    0.1294       206       640    0.4244    0.6185    0.5537    0.3568   0.04039   0.05427    0.0164
     85/99     9.52G   0.04318   0.06571   0.02034    0.1292       240       640    0.4235    0.6195    0.5545    0.3575   0.04035   0.05425   0.01636
     86/99     9.52G   0.04314   0.06546   0.02021    0.1288       194       640    0.4238      0.62    0.5561    0.3582   0.04031   0.05422   0.01632
     87/99     9.52G   0.04305   0.06533   0.02015    0.1285       222       640     0.424    0.6209    0.5567    0.3586   0.04028   0.05421   0.01629
     88/99     9.52G   0.04297   0.06549   0.02008    0.1285       244       640    0.4227    0.6202     0.557    0.3594   0.04025   0.05418   0.01626
     89/99     9.52G   0.04288   0.06527   0.02002    0.1282       176       640    0.4233     0.622    0.5576    0.3601   0.04022   0.05416   0.01621
     90/99     9.52G   0.04283    0.0651   0.01994    0.1279       246       640    0.4249    0.6228    0.5588    0.3604   0.04019   0.05414   0.01614
     91/99     9.52G   0.04283   0.06513   0.01996    0.1279       165       640    0.4245    0.6244    0.5593     0.361   0.04016   0.05412    0.0161
     92/99     9.52G   0.04273   0.06526   0.01979    0.1278       201       640    0.4235    0.6248    0.5599    0.3618   0.04013   0.05411   0.01605
     93/99     9.52G   0.04268   0.06502   0.01974    0.1274       164       640    0.4239    0.6272    0.5604    0.3622    0.0401    0.0541     0.016
     94/99     9.52G   0.04269   0.06506   0.01973    0.1275       189       640     0.424    0.6289    0.5614    0.3631   0.04007   0.05408   0.01597
     95/99     9.52G    0.0426   0.06494   0.01964    0.1272       226       640    0.4237    0.6294    0.5615    0.3635   0.04004   0.05407   0.01593
     96/99     9.52G   0.04258   0.06493   0.01962    0.1271       189       640    0.4221     0.629    0.5623    0.3639   0.04002   0.05405    0.0159
     97/99     9.52G    0.0426    0.0648   0.01962     0.127       213       640    0.4202    0.6265    0.5628    0.3643   0.03999   0.05403   0.01588
     98/99     9.52G   0.04258   0.06492   0.01956    0.1271       168       640    0.4223    0.6286    0.5637    0.3649   0.03997   0.05401   0.01586
     99/99     9.52G   0.04251   0.06463    0.0195    0.1266       163       640     0.423    0.6294    0.5718     0.378   0.03994   0.05399   0.01584
